735131495062662;0;1,2,200,0,v4;
735131495912836;55;;
735131495925590;1;;
735131495948773;2;;
735131495954572;3;;
735131495987720;31;;
735131495999306;6;;
735131496000116;1;;
735131496023299;2;;
735131496029097;3;;
735131496046482;36;;
735131496058067;6;;
735131496058877;1;;
735131496082060;2;;
735131496087859;3;;
735131496103044;31;;
735131496114630;6;;
735131496115324;1;;
735131496138507;2;;
735131496144306;3;;
735131496148484;36;;
735131496160070;6;;
735131496160764;1;;
735131496183947;2;;
735131496189745;3;;
735131496194838;36;;
735131496206435;6;;
735131496207130;1;;
735131496230428;2;;
735131496236215;3;;
735131496244456;36;;
735131496256042;6;;
735131496257083;1;;
735131496280266;2;;
735131496286065;3;;
735131496298692;31;;
735131496310289;6;;
735131496311100;1;;
735131496334283;2;;
735131496340070;3;;
735131496357697;36;;
735131496369282;6;;
735131496370093;1;;
735131496393391;2;;
735131496399190;3;;
735131496409850;36;;
735131496421563;6;;
735131496422373;1;;
735131496445544;2;;
735131496451343;3;;
735131496460614;36;;
735131496472211;6;;
735131496473021;1;;
735131496496204;2;;
735131496502002;3;;
735131496509178;36;;
735131496520776;6;;
735131496524595;1;;
735131496547778;2;;
735131496553576;3;;
735131496562500;31;;
735131496574086;6;;
735131496575255;1;;
735131496598426;2;;
735131496604225;3;;
735131496635637;31;;
735131496647350;6;;
735131496648160;1;;
735131496671343;2;;
735131496677130;3;;
735131496684664;36;;
735131496696262;6;;
735131496696956;1;;
735131496720139;2;;
735131496725926;3;;
735131496734618;36;;
735131496746215;6;;
735131496747025;1;;
735131496770208;2;;
735131496776007;3;;
735131496782720;31;;
735131496794317;6;;
735131496794780;1;;
735131496818079;2;;
735131496823877;3;;
735131496829317;36;;
735131496840914;6;;
735131496841609;1;;
735131496864908;2;;
735131496870695;3;;
735131496878461;31;;
735131496890058;6;;
735131496890868;1;;
735131496914051;2;;
735131496919838;3;;
735131496927141;36;;
735131496938738;6;;
735131496939433;1;;
735131496962616;2;;
735131496968403;3;;
735131496975127;36;;
735131496986840;6;;
735131496987535;1;;
735131497010718;2;;
735131497016505;3;;
735131497024965;36;;
735131497036563;6;;
735131497037604;1;;
735131497060787;2;;
735131497066586;3;;
735131497076435;31;;
735131497088021;6;;
735131497088831;1;;
735131497112014;2;;
735131497117813;3;;
735131497123611;36;;
735131497135197;6;;
735131497136238;1;;
735131497159421;2;;
735131497165220;3;;
735131497170671;31;;
735131497182489;6;;
735131497183183;1;;
735131497206366;2;;
735131497212164;3;;
735131497219815;31;;
735131497231401;6;;
735131497232211;1;;
735131497255394;2;;
735131497261192;3;;
735131497267106;36;;
735131497278692;6;;
735131497279271;1;;
735131497302454;2;;
735131497308252;3;;
735131497312882;31;;
735131497324479;6;;
735131497325289;1;;
735131497348472;2;;
735131497354259;3;;
735131497361100;36;;
735131497372697;6;;
735131497373507;1;;
735131497396690;2;;
735131497402477;3;;
735131497414884;31;;
735131497426586;6;;
735131497427164;1;;
735131497450463;2;;
735131497456262;3;;
735131497461366;31;;
735131497473067;6;;
735131497474225;1;;
735131497497407;2;;
735131497503206;3;;
735131497507720;31;;
735131497519317;6;;
735131497520012;1;;
735131497543195;2;;
735131497548993;3;;
735131497554086;36;;
735131497565799;6;;
735131497566956;1;;
735131497590255;2;;
735131497596042;3;;
735131497600914;31;;
735131497612616;6;;
735131497613669;1;;
735131497636852;2;;
735131497642639;3;;
735131497649132;31;;
735131497660718;6;;
735131497661771;1;;
735131497684942;2;;
735131497690741;3;;
735131497695961;36;;
735131497707546;6;;
735131497708357;1;;
735131497731539;2;;
735131497737338;3;;
735131497743831;36;;
735131497755532;6;;
735131497756574;1;;
735131497779873;2;;
735131497785671;3;;
735131497790544;31;;
735131497802130;6;;
735131497802940;1;;
735131497826123;2;;
735131497831921;3;;
735131497836667;36;;
735131497848264;6;;
735131497849074;1;;
735131497872257;2;;
735131497878044;3;;
735131497882685;36;;
735131497894271;6;;
735131497895093;1;;
735131497918264;2;;
735131497924063;3;;
735131497931134;31;;
735131497942847;6;;
735131497943658;1;;
735131497966829;2;;
735131497972627;3;;
735131497977037;36;;
735131497988739;6;;
735131497989780;1;;
735131498012963;2;;
735131498018762;3;;
735131498042870;34;;
735131498054456;6;;
735131498055509;1;;
735131498078681;2;;
735131498084479;3;;
735131498091551;36;;
735131498103252;6;;
735131498104074;1;;
735131498127245;2;;
735131498133044;3;;
735131498138727;36;;
735131498150313;6;;
735131498151123;1;;
735131498174421;2;;
735131498180220;3;;
735131498185324;36;;
735131498196910;6;;
735131498197836;1;;
735131498221134;2;;
735131498226933;3;;
735131498232963;31;;
735131498244549;6;;
735131498245359;1;;
735131498268542;2;;
735131498274340;3;;
735131498279433;36;;
735131498291030;6;;
735131498291377;1;;
735131498314560;2;;
735131498320347;3;;
735131498325914;36;;
735131498337627;6;;
735131498338206;1;;
735131498361505;2;;
735131498367292;3;;
735131498371007;36;;
735131498382593;6;;
735131498383634;1;;
735131498406817;2;;
735131498412616;3;;
735131498417720;31;;
735131498429306;6;;
735131498430116;1;;
735131498453299;2;;
735131498459097;3;;
735131498463495;36;;
735131498475093;6;;
735131498475787;1;;
735131498498970;2;;
735131498504757;3;;
735131498505567;31;;
735131498517164;6;;
735131498517975;1;;
735131498541158;2;;
735131498546956;3;;
735131498555301;36;;
735131498567002;6;;
735131498567813;1;;
735131498590995;2;;
735131498596794;3;;
735131498602581;31;;
735131498614178;6;;
735131498614988;1;;
735131498638171;2;;
735131498643970;3;;
735131498648368;36;;
735131498660081;6;;
735131498660544;1;;
735131498683727;2;;
735131498689514;3;;
735131498693808;31;;
735131498705509;6;;
735131498706667;1;;
735131498729850;2;;
735131498735648;3;;
735131498739942;31;;
735131498751644;6;;
735131498751991;1;;
735131498775174;2;;
735131498780972;3;;
735131498785255;36;;
735131498796968;6;;
735131498797546;1;;
735131498820729;2;;
735131498826516;3;;
735131498832894;31;;
735131498844491;6;;
735131498845301;1;;
735131498868484;2;;
735131498874271;3;;
735131498879028;31;;
735131498890729;6;;
735131498891539;1;;
735131498914722;2;;
735131498920521;3;;
735131498925046;36;;
735131498936632;6;;
735131498937442;1;;
735131498960625;2;;
735131498966424;3;;
735131498973380;36;;
735131498984965;6;;
735131498985776;1;;
735131499008958;2;;
735131499014757;3;;
735131499021007;31;;
735131499032720;6;;
735131499033414;1;;
735131499056713;2;;
735131499062512;3;;
735131499062743;31;;
735131499074329;6;;
735131499075255;1;;
735131499098553;2;;
735131499104352;3;;
735131499113160;31;;
735131499124745;6;;
735131499125556;1;;
735131499148739;2;;
735131499154537;3;;
735131499161493;36;;
735131499173079;6;;
735131499174120;1;;
735131499197303;2;;
735131499203102;3;;
735131499209132;31;;
735131499220718;6;;
735131499221528;1;;
735131499244711;2;;
735131499250509;3;;
735131499255613;36;;
735131499267199;6;;
735131499267894;1;;
735131499291077;2;;
735131499296875;3;;
735131499301852;36;;
735131499313449;6;;
735131499313912;1;;
735131499337211;2;;
735131499342998;3;;
735131499347523;31;;
735131499359225;6;;
735131499360046;1;;
735131499383218;2;;
735131499389016;3;;
735131499395741;31;;
735131499407326;6;;
735131499408380;1;;
735131499431551;2;;
735131499437350;3;;
735131499443495;31;;
735131499455081;6;;
735131499455891;1;;
735131499479190;2;;
735131499484988;3;;
735131499489861;31;;
735131499501563;6;;
735131499502373;1;;
735131499525556;2;;
735131499531354;3;;
735131499536574;36;;
735131499548160;6;;
735131499548854;1;;
735131499572037;2;;
735131499577836;3;;
735131499582350;36;;
735131499593947;6;;
735131499594525;1;;
735131499617708;2;;
735131499623495;3;;
735131499627674;31;;
735131499639259;6;;
735131499639954;1;;
735131499663137;2;;
735131499668935;3;;
735131499674271;36;;
735131499685972;6;;
735131499687014;1;;
735131499710197;2;;
735131499715995;3;;
735131499723299;36;;
735131499734884;6;;
735131499735579;1;;
735131499758877;2;;
735131499764676;3;;
735131499769896;31;;
735131499781482;6;;
735131499782292;1;;
735131499805475;2;;
735131499811273;3;;
735131499817408;31;;
735131499829120;6;;
735131499829583;1;;
735131499852766;2;;
735131499858565;3;;
735131499863194;36;;
735131499874792;6;;
735131499876181;1;;
735131499899363;2;;
735131499905151;3;;
735131499909445;31;;
735131499921146;6;;
735131499922072;1;;
735131499945255;2;;
735131499951053;3;;
735131499955463;31;;
735131499967049;6;;
735131499968090;1;;
735131499991273;2;;
735131499997072;3;;
735131500001817;31;;
735131500013414;6;;
735131500014109;1;;
735131500037407;2;;
735131500043194;3;;
735131500048646;31;;
735131500060359;6;;
735131500061401;1;;
735131500084583;2;;
735131500090370;3;;
735131500095938;31;;
735131500107523;6;;
735131500108229;1;;
735131500131516;2;;
735131500137315;3;;
735131500142998;36;;
735131500154583;6;;
735131500155394;1;;
735131500178577;2;;
735131500184375;3;;
735131500189479;36;;
735131500201065;6;;
735131500201644;1;;
735131500224826;2;;
735131500230625;3;;
735131500234329;36;;
735131500246042;6;;
735131500246852;1;;
735131500270035;2;;
735131500275822;3;;
735131500280116;36;;
735131500291817;6;;
735131500292627;1;;
735131500315810;2;;
735131500321609;3;;
735131500326250;36;;
735131500337836;6;;
735131500338530;1;;
735131500361829;2;;
735131500367627;3;;
735131500372488;36;;
735131500384086;6;;
735131500387789;1;;
735131500410972;2;;
735131500416771;3;;
735131500422570;31;;
735131500434155;6;;
735131500434850;1;;
735131500458032;2;;
735131500463831;3;;
735131500468692;31;;
735131500480405;6;;
735131500481447;1;;
735131500504630;2;;
735131500510428;3;;
735131500515289;31;;
735131500527002;6;;
735131500528044;1;;
735131500551343;2;;
735131500557130;3;;
735131500563275;36;;
735131500574873;6;;
735131500575336;1;;
735131500598507;2;;
735131500604306;3;;
735131500608831;36;;
735131500620417;6;;
735131500621227;1;;
735131500644410;2;;
735131500650208;3;;
735131500654375;36;;
735131500665972;6;;
735131500666667;1;;
735131500689850;2;;
735131500695648;3;;
735131500701204;36;;
735131500712801;6;;
735131500713843;1;;
735131500737026;2;;
735131500742813;3;;
735131500747338;31;;
735131500758924;6;;
735131500758924;66;;
