735953419039491;0;2,1,100,0,v5;
735953419365544;55;;
735953419377963;1;;
735953419401169;2;;
735953419407188;3;;
735953419472674;20;;
735953419484306;6;;
735953419484757;1;;
735953419507951;2;;
735953419513935;3;;
735953419549641;21;;
735953419561273;6;;
735953419562014;1;;
735953419585232;2;;
735953419591181;3;;
735953419641053;21;;
735953419652674;6;;
735953419654039;1;;
735953419677245;2;;
735953419683218;3;;
735953419715428;21;;
735953419727060;6;;
735953419728715;1;;
735953419751933;2;;
735953419758021;3;;
735953419772975;21;;
735953419784618;6;;
735953419786620;1;;
735953419809826;2;;
735953419815799;3;;
735953419835151;21;;
735953419846783;6;;
735953419847824;1;;
735953419871019;2;;
735953419877083;3;;
735953419897882;21;;
735953419909514;6;;
735953419909977;1;;
735953419933171;2;;
735953419939225;3;;
735953419956910;20;;
735953419968542;6;;
735953419968982;1;;
735953419992211;2;;
735953419998264;3;;
735953420018171;21;;
735953420029792;6;;
735953420031100;1;;
735953420054306;2;;
735953420060301;3;;
735953420076273;21;;
735953420087894;6;;
735953420088252;1;;
735953420111458;2;;
735953420117558;3;;
735953420133820;20;;
735953420145452;6;;
735953420146968;1;;
735953420170185;2;;
735953420176250;3;;
735953420195995;21;;
735953420207627;6;;
735953420207951;1;;
735953420231146;2;;
735953420237164;3;;
735953420254097;20;;
735953420265729;6;;
735953420266713;1;;
735953420289919;2;;
735953420295891;3;;
735953420308681;21;;
735953420320313;6;;
735953420321644;1;;
735953420344861;2;;
735953420350880;3;;
735953420375116;21;;
735953420386748;6;;
735953420387847;1;;
735953420411065;2;;
735953420417037;3;;
735953420441551;21;;
735953420453171;6;;
735953420454028;1;;
735953420477222;2;;
735953420483229;3;;
735953420503704;20;;
735953420515336;6;;
735953420516563;1;;
735953420539757;2;;
735953420545810;3;;
735953420570683;21;;
735953420582315;6;;
735953420582766;1;;
735953420605984;2;;
735953420612014;3;;
735953420619537;20;;
735953420631169;6;;
735953420631852;1;;
735953420655046;2;;
735953420661123;3;;
735953420690035;21;;
735953420701655;6;;
735953420702813;1;;
735953420726030;2;;
735953420732106;3;;
735953420764236;21;;
735953420775857;6;;
735953420776435;1;;
735953420799664;2;;
735953420805752;3;;
735953420834364;21;;
735953420845995;6;;
735953420846516;1;;
735953420869722;2;;
735953420875718;3;;
735953420900613;21;;
735953420912245;6;;
735953420912882;1;;
735953420936088;2;;
735953420942095;3;;
735953420969445;21;;
735953420981065;6;;
735953420981829;1;;
735953421005046;2;;
735953421011134;3;;
735953421035509;21;;
735953421047141;6;;
735953421048345;1;;
735953421071563;2;;
735953421077639;3;;
735953421102488;21;;
735953421114120;6;;
735953421114595;1;;
735953421137789;2;;
735953421143785;3;;
735953421191852;21;;
735953421203495;6;;
735953421203808;1;;
735953421227014;2;;
735953421233032;3;;
735953421248299;20;;
735953421259931;6;;
735953421260428;1;;
735953421283646;2;;
735953421289607;3;;
735953421305845;21;;
735953421317477;6;;
735953421317894;1;;
735953421341100;2;;
735953421347107;3;;
735953421350822;20;;
735953421362454;6;;
735953421362951;1;;
735953421386157;2;;
735953421392222;3;;
735953421422431;21;;
735953421434063;6;;
735953421434445;1;;
735953421457662;2;;
735953421463681;3;;
735953421490718;21;;
735953421502338;6;;
735953421502766;1;;
735953421525984;2;;
735953421531991;3;;
735953421551586;21;;
735953421563218;6;;
735953421563704;1;;
735953421586898;2;;
735953421592917;3;;
735953421627465;21;;
735953421639086;6;;
735953421639572;1;;
735953421662789;2;;
735953421668808;3;;
735953421682049;21;;
735953421693681;6;;
735953421695741;1;;
735953421718947;2;;
735953421724907;3;;
735953421738113;21;;
735953421749745;6;;
735953421750452;1;;
735953421773669;2;;
735953421779711;3;;
735953421793264;21;;
735953421804896;6;;
735953421805347;1;;
735953421828565;2;;
735953421834595;3;;
735953421851192;21;;
735953421862824;6;;
735953421863785;1;;
735953421887002;2;;
735953421893067;3;;
735953421904109;21;;
735953421915741;6;;
735953421916250;1;;
735953421939456;2;;
735953421945428;3;;
735953421968866;21;;
735953421980498;6;;
735953421981620;1;;
735953422004838;2;;
735953422010833;3;;
735953422019583;21;;
735953422031215;6;;
735953422031690;1;;
735953422054896;2;;
735953422060961;3;;
735953422081944;21;;
735953422093565;6;;
735953422095000;1;;
735953422118218;2;;
735953422124317;3;;
735953422145405;21;;
735953422157049;6;;
735953422158750;1;;
735953422181968;2;;
735953422188044;3;;
735953422253102;21;;
735953422264722;6;;
735953422265058;1;;
735953422288252;2;;
735953422294248;3;;
735953422306945;20;;
735953422318576;6;;
735953422318958;1;;
735953422342176;2;;
735953422348275;3;;
735953422364491;21;;
735953422376123;6;;
735953422376574;1;;
735953422399780;2;;
735953422405776;3;;
735953422427419;20;;
735953422439051;6;;
735953422439502;1;;
735953422462720;2;;
735953422468762;3;;
735953422482743;20;;
735953422494375;6;;
735953422494838;1;;
735953422518044;2;;
735953422524144;3;;
735953422536030;20;;
735953422547662;6;;
735953422548194;1;;
735953422571400;2;;
735953422577442;3;;
735953422591366;21;;
735953422602986;6;;
735953422603322;1;;
735953422626528;2;;
735953422632488;3;;
735953422646887;21;;
735953422658507;6;;
735953422658982;1;;
735953422682199;2;;
735953422688229;3;;
735953422707569;21;;
735953422719201;6;;
735953422720475;1;;
735953422743681;2;;
735953422749699;3;;
735953422764201;21;;
735953422775822;6;;
735953422776343;1;;
735953422799560;2;;
735953422805590;3;;
735953422818796;20;;
735953422830428;6;;
735953422830926;1;;
735953422854132;2;;
735953422860116;3;;
735953422882998;21;;
735953422894630;6;;
735953422895012;1;;
735953422918206;2;;
735953422924190;3;;
735953422935556;20;;
735953422947188;6;;
735953422947697;1;;
735953422970903;2;;
735953422976840;3;;
735953422984780;21;;
735953422996412;6;;
735953422996852;1;;
735953423020070;2;;
735953423026100;3;;
735953423035116;21;;
735953423046748;6;;
735953423047141;1;;
735953423070359;2;;
735953423076435;3;;
735953423100625;20;;
735953423112257;6;;
735953423112743;1;;
735953423135938;2;;
735953423142002;3;;
735953423152986;21;;
735953423164618;6;;
735953423165012;1;;
735953423188218;2;;
735953423194271;3;;
735953423204803;21;;
735953423216424;6;;
735953423216921;1;;
735953423240162;2;;
735953423246227;3;;
735953423253657;21;;
735953423265289;6;;
735953423265787;1;;
735953423288993;2;;
735953423294989;3;;
735953423301956;21;;
735953423313588;6;;
735953423314039;1;;
735953423337234;2;;
735953423343276;3;;
735953423352292;21;;
735953423363924;6;;
735953423364977;1;;
735953423388183;2;;
735953423394283;3;;
735953423402442;21;;
735953423414063;6;;
735953423415046;1;;
735953423438276;2;;
735953423444329;3;;
735953423451852;21;;
735953423463484;6;;
735953423463982;1;;
735953423487199;2;;
735953423493264;3;;
735953423504039;21;;
735953423515671;6;;
735953423516204;1;;
735953423539410;2;;
735953423545498;3;;
735953423551227;21;;
735953423562859;6;;
735953423563345;1;;
735953423586551;2;;
735953423592558;3;;
735953423601377;21;;
735953423612998;6;;
735953423613368;1;;
735953423636597;2;;
735953423642581;3;;
735953423653009;20;;
735953423664641;6;;
735953423665660;1;;
735953423688877;2;;
735953423694977;3;;
735953423703345;21;;
735953423714965;6;;
735953423716563;1;;
735953423739769;2;;
735953423745857;3;;
735953423756447;21;;
735953423768079;6;;
735953423768553;1;;
735953423791759;2;;
735953423797789;3;;
735953423806783;21;;
735953423818414;6;;
735953423818831;1;;
735953423842060;2;;
735953423848125;3;;
735953423853611;21;;
735953423865243;6;;
735953423865799;1;;
735953423888993;2;;
735953423894988;3;;
735953423902651;21;;
735953423914282;6;;
735953423914688;1;;
735953423937894;2;;
735953423943935;3;;
735953423950764;21;;
735953423962384;6;;
735953423964306;1;;
735953423987512;2;;
735953423993600;3;;
735953423999977;21;;
735953424011609;6;;
735953424012685;1;;
735953424035903;2;;
735953424041910;3;;
735953424050880;21;;
735953424062500;6;;
735953424063403;1;;
735953424086620;2;;
735953424092720;3;;
735953424099734;21;;
735953424111354;6;;
735953424111829;1;;
735953424135035;2;;
735953424141019;3;;
735953424145995;21;;
735953424157627;6;;
735953424158021;1;;
735953424181238;2;;
735953424187292;3;;
735953424194479;21;;
735953424206100;6;;
735953424206551;1;;
735953424229757;2;;
735953424235810;3;;
735953424242975;20;;
735953424254607;6;;
735953424255347;1;;
735953424278565;2;;
735953424284560;3;;
735953424290347;21;;
735953424301968;6;;
735953424302326;1;;
735953424325532;2;;
735953424331597;3;;
735953424338634;21;;
735953424350266;6;;
735953424350938;1;;
735953424374144;2;;
735953424380116;3;;
735953424390451;21;;
735953424402083;6;;
735953424402569;1;;
735953424425775;2;;
735953424431817;3;;
735953424443565;21;;
735953424455208;6;;
735953424455625;1;;
735953424478843;2;;
735953424484907;3;;
735953424492234;21;;
735953424503866;6;;
735953424504271;1;;
735953424527477;2;;
735953424533542;3;;
735953424541273;20;;
735953424552905;6;;
735953424553322;1;;
735953424576539;2;;
735953424582535;3;;
735953424589201;20;;
735953424600833;6;;
735953424601157;1;;
735953424624375;2;;
735953424630417;3;;
735953424643426;21;;
735953424655058;6;;
735953424655602;1;;
735953424678808;2;;
735953424684907;3;;
735953424698750;21;;
735953424710382;6;;
735953424711181;1;;
735953424734398;2;;
735953424740486;3;;
735953424759815;20;;
735953424771447;6;;
735953424771944;1;;
735953424795139;2;;
735953424801192;3;;
735953424809595;21;;
735953424821227;6;;
735953424821609;1;;
735953424844826;2;;
735953424850868;3;;
735953424864375;21;;
735953424876007;6;;
735953424876574;1;;
735953424899769;2;;
735953424905776;3;;
735953424920255;21;;
735953424931887;6;;
735953424932257;1;;
735953424955451;2;;
735953424961505;3;;
735953424967072;21;;
735953424978715;6;;
735953424979097;1;;
735953425002292;2;;
735953425008333;3;;
735953425016296;21;;
735953425027928;6;;
735953425028380;1;;
735953425051597;2;;
735953425057650;3;;
735953425069051;21;;
735953425080683;6;;
735953425081204;1;;
735953425104410;2;;
735953425110428;3;;
735953425119560;21;;
735953425131192;6;;
735953425131667;1;;
735953425154884;2;;
735953425160961;3;;
735953425173600;20;;
735953425185232;6;;
735953425185243;66;;
