736764430435868;0;3,2,200,0,v5;
736764431058449;55;;
736764431070590;1;;
736764431093785;2;;
736764431100428;3;;
736764431126597;31;;
736764431138206;6;;
736764431138738;1;;
736764431161921;2;;
736764431168009;3;;
736764431193438;31;;
736764431205058;6;;
736764431205602;1;;
736764431228808;2;;
736764431234861;3;;
736764431243461;36;;
736764431255070;6;;
736764431255729;1;;
736764431278912;2;;
736764431284988;3;;
736764431289363;31;;
736764431300984;6;;
736764431301887;1;;
736764431325069;2;;
736764431331134;3;;
736764431336771;31;;
736764431348380;6;;
736764431348935;1;;
736764431372130;2;;
736764431378195;3;;
736764431382500;36;;
736764431394120;6;;
736764431394514;1;;
736764431417708;2;;
736764431423773;3;;
736764431428565;36;;
736764431440174;6;;
736764431440648;1;;
736764431463843;2;;
736764431469907;3;;
736764431476192;31;;
736764431487813;6;;
736764431488333;1;;
736764431511516;2;;
736764431517558;3;;
736764431522998;36;;
736764431534618;6;;
736764431535035;1;;
736764431558229;2;;
736764431564294;3;;
736764431569282;32;;
736764431580891;6;;
736764431581389;1;;
736764431604560;2;;
736764431610637;3;;
736764431627986;35;;
736764431639595;6;;
736764431640614;1;;
736764431663796;2;;
736764431669861;3;;
736764431677824;36;;
736764431689445;6;;
736764431689908;1;;
736764431713090;2;;
736764431719155;3;;
736764431728715;32;;
736764431740336;6;;
736764431740868;1;;
736764431764051;2;;
736764431770104;3;;
736764431777037;31;;
736764431788646;6;;
736764431789178;1;;
736764431812373;2;;
736764431818438;3;;
736764431824479;36;;
736764431836100;6;;
736764431836655;1;;
736764431859838;2;;
736764431865891;3;;
736764431899803;33;;
736764431911424;6;;
736764431911829;1;;
736764431935023;2;;
736764431941065;3;;
736764431948183;31;;
736764431959792;6;;
736764431960220;1;;
736764431983414;2;;
736764431989479;3;;
736764431996285;36;;
736764432007894;6;;
736764432008322;1;;
736764432031516;2;;
736764432037581;3;;
736764432045405;31;;
736764432057014;6;;
736764432057905;1;;
736764432081100;2;;
736764432087153;3;;
736764432091655;31;;
736764432103276;6;;
736764432104282;1;;
736764432127454;2;;
736764432133530;3;;
736764432137732;36;;
736764432149364;6;;
736764432149884;1;;
736764432173067;2;;
736764432179132;3;;
736764432186100;31;;
736764432197697;6;;
736764432198206;1;;
736764432221389;2;;
736764432227442;3;;
736764432252766;31;;
736764432264387;6;;
736764432264734;1;;
736764432287917;2;;
736764432293970;3;;
736764432309051;33;;
736764432320660;6;;
736764432321088;1;;
736764432344271;2;;
736764432350313;3;;
736764432402778;34;;
736764432414398;6;;
736764432414826;1;;
736764432438009;2;;
736764432444074;3;;
736764432459780;33;;
736764432471389;6;;
736764432472813;1;;
736764432496019;2;;
736764432502072;3;;
736764432506262;36;;
736764432517882;6;;
736764432518912;1;;
736764432542095;2;;
736764432548148;3;;
736764432561458;36;;
736764432573067;6;;
736764432573576;1;;
736764432596771;2;;
736764432602824;3;;
736764432609236;36;;
736764432620857;6;;
736764432621319;1;;
736764432644514;2;;
736764432650579;3;;
736764432656076;32;;
736764432667697;6;;
736764432668125;1;;
736764432691296;2;;
736764432697373;3;;
736764432703993;36;;
736764432715602;6;;
736764432715961;1;;
736764432739167;2;;
736764432745220;3;;
736764432752928;36;;
736764432764537;6;;
736764432764988;1;;
736764432788183;2;;
736764432794225;3;;
736764432803854;36;;
736764432815463;6;;
736764432815914;1;;
736764432839086;2;;
736764432845174;3;;
736764432852350;36;;
736764432863958;6;;
736764432864398;1;;
736764432887569;2;;
736764432893646;3;;
736764432901609;34;;
736764432913218;6;;
736764432913762;1;;
736764432936944;2;;
736764432943009;3;;
736764432947847;31;;
736764432959479;6;;
736764432960440;1;;
736764432983611;2;;
736764432989688;3;;
736764432993634;33;;
736764433005243;6;;
736764433006238;1;;
736764433029421;2;;
736764433035498;3;;
736764433039560;33;;
736764433051181;6;;
736764433052280;1;;
736764433075475;2;;
736764433081539;3;;
736764433089190;34;;
736764433100810;6;;
736764433101690;1;;
736764433124873;2;;
736764433130938;3;;
736764433136019;36;;
736764433147627;6;;
736764433148090;1;;
736764433171262;2;;
736764433177315;3;;
736764433190451;31;;
736764433202072;6;;
736764433202627;1;;
736764433225822;2;;
736764433231887;3;;
736764433237500;36;;
736764433249109;6;;
736764433249607;1;;
736764433272789;2;;
736764433278854;3;;
736764433292489;32;;
736764433304120;6;;
736764433305046;1;;
736764433328229;2;;
736764433334306;3;;
736764433341736;36;;
736764433353356;6;;
736764433355185;1;;
736764433378368;2;;
736764433384421;3;;
736764433390069;33;;
736764433401678;6;;
736764433403044;1;;
736764433426239;2;;
736764433432303;3;;
736764433499884;36;;
736764433511516;6;;
736764433512014;1;;
736764433535208;2;;
736764433541273;3;;
736764433550961;35;;
736764433562569;6;;
736764433563125;1;;
736764433586296;2;;
736764433592373;3;;
736764433597824;31;;
736764433609433;6;;
736764433610336;1;;
736764433633507;2;;
736764433639560;3;;
736764433644641;31;;
736764433656273;6;;
736764433657118;1;;
736764433680301;2;;
736764433686366;3;;
736764433698206;36;;
736764433709815;6;;
736764433710232;1;;
736764433733403;2;;
736764433739468;3;;
736764433751713;36;;
736764433763333;6;;
736764433763681;1;;
736764433786887;2;;
736764433792940;3;;
736764433798889;31;;
736764433810509;6;;
736764433810914;1;;
736764433834086;2;;
736764433840151;3;;
736764433845185;31;;
736764433856794;6;;
736764433857303;1;;
736764433880486;2;;
736764433886563;3;;
736764433892257;36;;
736764433903866;6;;
736764433904329;1;;
736764433927523;2;;
736764433933576;3;;
736764433950359;34;;
736764433961979;6;;
736764433962639;1;;
736764433985822;2;;
736764433991875;3;;
736764433998704;36;;
736764434010313;6;;
736764434010856;1;;
736764434034039;2;;
736764434040081;3;;
736764434045949;33;;
736764434057558;6;;
736764434058044;1;;
736764434081215;2;;
736764434087280;3;;
736764434094456;31;;
736764434106053;6;;
736764434106424;1;;
736764434129618;2;;
736764434135671;3;;
736764434140532;31;;
736764434152141;6;;
736764434152720;1;;
736764434175891;2;;
736764434181956;3;;
736764434189074;33;;
736764434200683;6;;
736764434201227;1;;
736764434224421;2;;
736764434230486;3;;
736764434234630;32;;
736764434246238;6;;
736764434246713;1;;
736764434269884;2;;
736764434275961;3;;
736764434281458;31;;
736764434293079;6;;
736764434293426;1;;
736764434316609;2;;
736764434322662;3;;
736764434330336;32;;
736764434341944;6;;
736764434342315;1;;
736764434365509;2;;
736764434371574;3;;
736764434395139;32;;
736764434406748;6;;
736764434407153;1;;
736764434430347;2;;
736764434436389;3;;
736764434442731;32;;
736764434454329;6;;
736764434454815;1;;
736764434478021;2;;
736764434484086;3;;
736764434490544;36;;
736764434502153;6;;
736764434502674;1;;
736764434525868;2;;
736764434531921;3;;
736764434538264;31;;
736764434549873;6;;
736764434550232;1;;
736764434573414;2;;
736764434579479;3;;
736764434593079;34;;
736764434604688;6;;
736764434606111;1;;
736764434629306;2;;
736764434635359;3;;
736764434642882;36;;
736764434654491;6;;
736764434655243;1;;
736764434678438;2;;
736764434684502;3;;
736764434689549;36;;
736764434701169;6;;
736764434701563;1;;
736764434724734;2;;
736764434730799;3;;
736764434736968;34;;
736764434748576;6;;
736764434748958;1;;
736764434772141;2;;
736764434778218;3;;
736764434792118;36;;
736764434803738;6;;
736764434804340;1;;
736764434827546;2;;
736764434833588;3;;
736764434853090;33;;
736764434864699;6;;
736764434865648;1;;
736764434888843;2;;
736764434894907;3;;
736764434900833;34;;
736764434912454;6;;
736764434912847;1;;
736764434936042;2;;
736764434942095;3;;
736764434951944;33;;
736764434963553;6;;
736764434964063;1;;
736764434987257;2;;
736764434993322;3;;
736764435007697;33;;
736764435019306;6;;
736764435019711;1;;
736764435042905;2;;
736764435048970;3;;
736764435054896;35;;
736764435066516;6;;
736764435067384;1;;
736764435090579;2;;
736764435096644;3;;
736764435102512;36;;
736764435114120;6;;
736764435114479;1;;
736764435137662;2;;
736764435143727;3;;
736764435152269;33;;
736764435163901;6;;
736764435164340;1;;
736764435187523;2;;
736764435193588;3;;
736764435198021;36;;
736764435209630;6;;
736764435210498;1;;
736764435233669;2;;
736764435239722;3;;
736764435246933;36;;
736764435258542;6;;
736764435259005;1;;
736764435282211;2;;
736764435288264;3;;
736764435314688;34;;
736764435326308;6;;
736764435327350;1;;
736764435350532;2;;
736764435356597;3;;
736764435362280;36;;
736764435373889;6;;
736764435374803;1;;
736764435397986;2;;
736764435404063;3;;
736764435410579;36;;
736764435422199;6;;
736764435422639;1;;
736764435445822;2;;
736764435451887;3;;
736764435457986;36;;
736764435469595;6;;
736764435470139;1;;
736764435493333;2;;
736764435499387;3;;
736764435513553;34;;
736764435525162;6;;
736764435525590;1;;
736764435548773;2;;
736764435554838;3;;
736764435560220;31;;
736764435571829;6;;
736764435572269;1;;
736764435595463;2;;
736764435601528;3;;
736764435610567;36;;
736764435622188;6;;
736764435623218;1;;
736764435646412;2;;
736764435652454;3;;
736764435664664;31;;
736764435676273;6;;
736764435677002;1;;
736764435700197;2;;
736764435706262;3;;
736764435715370;36;;
736764435726991;6;;
736764435727477;1;;
736764435750660;2;;
736764435756736;3;;
736764435762060;36;;
736764435773669;6;;
736764435774028;1;;
736764435797211;2;;
736764435803276;3;;
736764435809248;36;;
736764435820868;6;;
736764435821412;1;;
736764435844595;2;;
736764435850660;3;;
736764435857951;36;;
736764435869560;6;;
736764435869919;1;;
736764435893102;2;;
736764435899155;3;;
736764435904641;36;;
736764435916250;6;;
736764435916609;1;;
736764435939792;2;;
736764435945857;3;;
736764435961470;35;;
736764435973102;6;;
736764435973704;1;;
736764435996887;2;;
736764436002951;3;;
736764436011308;36;;
736764436022917;6;;
736764436023426;1;;
736764436046609;2;;
736764436052651;3;;
736764436059248;31;;
736764436070857;6;;
736764436071400;1;;
736764436094595;2;;
736764436100660;3;;
736764436106273;36;;
736764436117894;6;;
736764436118322;1;;
736764436141505;2;;
736764436147581;3;;
736764436162211;33;;
736764436173831;6;;
736764436174364;1;;
736764436197546;2;;
736764436203623;3;;
736764436216100;34;;
736764436227708;6;;
736764436227720;66;;
