736837718981852;0;3,2,200,0,v5;
736837719109398;55;;
736837719121817;1;;
736837719145035;2;;
736837719151713;3;;
736837719332708;31;;
736837719344433;6;;
736837719345162;1;;
736837719368380;2;;
736837719374618;3;;
736837719604630;31;;
736837719616273;6;;
736837719616829;1;;
736837719640035;2;;
736837719646250;3;;
736837719662870;35;;
736837719674514;6;;
736837719675255;1;;
736837719698461;2;;
736837719704653;3;;
736837719721736;31;;
736837719733368;6;;
736837719734063;1;;
736837719757257;2;;
736837719763484;3;;
736837719768438;31;;
736837719780069;6;;
736837719780718;1;;
736837719803924;2;;
736837719810162;3;;
736837719815995;36;;
736837719827651;6;;
736837719828310;1;;
736837719851516;2;;
736837719857732;3;;
736837719864248;36;;
736837719875880;6;;
736837719876528;1;;
736837719899722;2;;
736837719905949;3;;
736837719910741;31;;
736837719922361;6;;
736837719923009;1;;
736837719946215;2;;
736837719952442;3;;
736837719971736;35;;
736837719983380;6;;
736837719984005;1;;
736837720007211;2;;
736837720013426;3;;
736837720030498;31;;
736837720042130;6;;
736837720042685;1;;
736837720065880;2;;
736837720072130;3;;
736837720128715;36;;
736837720140359;6;;
736837720140833;1;;
736837720164039;2;;
736837720170255;3;;
736837720180614;31;;
736837720192245;6;;
736837720192917;1;;
736837720216123;2;;
736837720222326;3;;
736837720227002;36;;
736837720238623;6;;
736837720239178;1;;
736837720262373;2;;
736837720268611;3;;
736837720272616;36;;
736837720284248;6;;
736837720284815;1;;
736837720308009;2;;
736837720314248;3;;
736837720341238;32;;
736837720352870;6;;
736837720353507;1;;
736837720376713;2;;
736837720382940;3;;
736837720401053;31;;
736837720412685;6;;
736837720413380;1;;
736837720436586;2;;
736837720442824;3;;
736837720450764;31;;
736837720462396;6;;
736837720463021;1;;
736837720486227;2;;
736837720492431;3;;
736837720496192;36;;
736837720507813;6;;
736837720508345;1;;
736837720531539;2;;
736837720537743;3;;
736837720544259;31;;
736837720555891;6;;
736837720556586;1;;
736837720579838;2;;
736837720586076;3;;
736837720594572;31;;
736837720606204;6;;
736837720606829;1;;
736837720630058;2;;
736837720636285;3;;
736837720675718;35;;
736837720687350;6;;
736837720688067;1;;
736837720711273;2;;
736837720717465;3;;
736837720721794;31;;
736837720733426;6;;
736837720734109;1;;
736837720757303;2;;
736837720763519;3;;
736837720767743;31;;
736837720779375;6;;
736837720779919;1;;
736837720803125;2;;
736837720809340;3;;
736837720829896;34;;
736837720841539;6;;
736837720842164;1;;
736837720865370;2;;
736837720871863;3;;
736837720902766;32;;
736837720914398;6;;
736837720915046;1;;
736837720938252;2;;
736837720944479;3;;
736837720949398;31;;
736837720961019;6;;
736837720961655;1;;
736837720985023;2;;
736837720991250;3;;
736837720996516;36;;
736837721008137;6;;
736837721008715;1;;
736837721031921;2;;
736837721038137;3;;
736837721042002;31;;
736837721053634;6;;
736837721054178;1;;
736837721077384;2;;
736837721083611;3;;
736837721099398;36;;
736837721111030;6;;
736837721111563;1;;
736837721134769;2;;
736837721140995;3;;
736837721144931;36;;
736837721156551;6;;
736837721157199;1;;
736837721180394;2;;
736837721186620;3;;
736837721202882;32;;
736837721214502;6;;
736837721215023;1;;
736837721238229;2;;
736837721244456;3;;
736837721248218;36;;
736837721259861;6;;
736837721260579;1;;
736837721283785;2;;
736837721290012;3;;
736837721294815;36;;
736837721306447;6;;
736837721307188;1;;
736837721330405;2;;
736837721336609;3;;
736837721371273;31;;
736837721382894;6;;
736837721383542;1;;
736837721406748;2;;
736837721412975;3;;
736837721456458;35;;
736837721468090;6;;
736837721468773;1;;
736837721491968;2;;
736837721498195;3;;
736837721503565;31;;
736837721515197;6;;
736837721515822;1;;
736837721539016;2;;
736837721545232;3;;
736837721550637;31;;
736837721562257;6;;
736837721563044;1;;
736837721586239;2;;
736837721592477;3;;
736837721597975;31;;
736837721609607;6;;
736837721610289;1;;
736837721633507;2;;
736837721639688;3;;
736837721644711;36;;
736837721656331;6;;
736837721656933;1;;
736837721680127;2;;
736837721686354;3;;
736837721692199;31;;
736837721703854;6;;
736837721704502;1;;
736837721727720;2;;
736837721733947;3;;
736837721739213;31;;
736837721750845;6;;
736837721751505;1;;
736837721774699;2;;
736837721780914;3;;
736837721784919;31;;
736837721796539;6;;
736837721797188;1;;
736837721820394;2;;
736837721826632;3;;
736837721861250;32;;
736837721872882;6;;
736837721873438;1;;
736837721896644;2;;
736837721902859;3;;
736837721925058;32;;
736837721936678;6;;
736837721937396;1;;
736837721960602;2;;
736837721966771;3;;
736837721992280;35;;
736837722003912;6;;
736837722004699;1;;
736837722027905;2;;
736837722034132;3;;
736837722043681;32;;
736837722055301;6;;
736837722055914;1;;
736837722079120;2;;
736837722085347;3;;
736837722089225;36;;
736837722100868;6;;
736837722101551;1;;
736837722124745;2;;
736837722130961;3;;
736837722157732;31;;
736837722169363;6;;
736837722170046;1;;
736837722193484;2;;
736837722199826;3;;
736837722205324;31;;
736837722216956;6;;
736837722217512;1;;
736837722240718;2;;
736837722246979;3;;
736837722250833;36;;
736837722262465;6;;
736837722263125;1;;
736837722286320;2;;
736837722292500;3;;
736837722296956;36;;
736837722308576;6;;
736837722309213;1;;
736837722332419;2;;
736837722338646;3;;
736837722344479;31;;
736837722356169;6;;
736837722356863;1;;
736837722380058;2;;
736837722386273;3;;
736837722396505;31;;
736837722408137;6;;
736837722408715;1;;
736837722431921;2;;
736837722438137;3;;
736837722444097;36;;
736837722455718;6;;
736837722456262;1;;
736837722479468;2;;
736837722485683;3;;
736837722489792;36;;
736837722501424;6;;
736837722502049;1;;
736837722525243;2;;
736837722531655;3;;
736837722536458;31;;
736837722548090;6;;
736837722548843;1;;
736837722572049;2;;
736837722578276;3;;
736837722590255;32;;
736837722601875;6;;
736837722602616;1;;
736837722625810;2;;
736837722632037;3;;
736837722649664;32;;
736837722661296;6;;
736837722661921;1;;
736837722685116;2;;
736837722691331;3;;
736837722696019;31;;
736837722707651;6;;
736837722708275;1;;
736837722731482;2;;
736837722737685;3;;
736837722748391;31;;
736837722760023;6;;
736837722760706;1;;
736837722783912;2;;
736837722790093;3;;
736837722796725;36;;
736837722808345;6;;
736837722809039;1;;
736837722832234;2;;
736837722838519;3;;
736837722844595;31;;
736837722856215;6;;
736837722856829;1;;
736837722880023;2;;
736837722886215;3;;
736837722891227;31;;
736837722902859;6;;
736837722903507;1;;
736837722926701;2;;
736837722932928;3;;
736837722938993;32;;
736837722950625;6;;
736837722951377;1;;
736837722974583;2;;
736837722980810;3;;
736837722993588;31;;
736837723005255;6;;
736837723005776;1;;
736837723028970;2;;
736837723035197;3;;
736837723040463;36;;
736837723052095;6;;
736837723052882;1;;
736837723076076;2;;
736837723082315;3;;
736837723099259;32;;
736837723110891;6;;
736837723111551;1;;
736837723134757;2;;
736837723141146;3;;
736837723158912;32;;
736837723170532;6;;
736837723171157;1;;
736837723194352;2;;
736837723200579;3;;
736837723204572;36;;
736837723216192;6;;
736837723216806;1;;
736837723240000;2;;
736837723246238;3;;
736837723251134;36;;
736837723262755;6;;
736837723263519;1;;
736837723286725;2;;
736837723292940;3;;
736837723296817;36;;
736837723308438;6;;
736837723309028;1;;
736837723332222;2;;
736837723338449;3;;
736837723344988;31;;
736837723356620;6;;
736837723357384;1;;
736837723380579;2;;
736837723386806;3;;
736837723392072;31;;
736837723403692;6;;
736837723404039;1;;
736837723427222;2;;
736837723433472;3;;
736837723440093;31;;
736837723451748;6;;
736837723452303;1;;
736837723475498;2;;
736837723481690;3;;
736837723491678;36;;
736837723503310;6;;
736837723504178;1;;
736837723527396;2;;
736837723533681;3;;
736837723545544;35;;
736837723557164;6;;
736837723557743;1;;
736837723580938;2;;
736837723587164;3;;
736837723590914;36;;
736837723602546;6;;
736837723603171;1;;
736837723626389;2;;
736837723632616;3;;
736837723636030;36;;
736837723647662;6;;
736837723648322;1;;
736837723671759;2;;
736837723677986;3;;
736837723682546;31;;
736837723694167;6;;
736837723694815;1;;
736837723718021;2;;
736837723724248;3;;
736837723739016;31;;
736837723750637;6;;
736837723751262;1;;
736837723774456;2;;
736837723780683;3;;
736837723799364;32;;
736837723810995;6;;
736837723811725;1;;
736837723834919;2;;
736837723841146;3;;
736837723855093;32;;
736837723866713;6;;
736837723867326;1;;
736837723890544;2;;
736837723896759;3;;
736837723903750;32;;
736837723915382;6;;
736837723916007;1;;
736837723939213;2;;
736837723945428;3;;
736837723949306;31;;
736837723960926;6;;
736837723961343;1;;
736837723984583;2;;
736837723990810;3;;
736837723995949;35;;
736837724007581;6;;
736837724008160;1;;
736837724031366;2;;
736837724037593;3;;
736837724069364;35;;
736837724080995;6;;
736837724081597;1;;
736837724104792;2;;
736837724111019;3;;
736837724115706;31;;
736837724127326;6;;
736837724128033;1;;
736837724151239;2;;
736837724157535;3;;
736837724161181;36;;
736837724172813;6;;
736837724173449;1;;
736837724196655;2;;
736837724202882;3;;
736837724209306;35;;
736837724220926;6;;
736837724221563;1;;
736837724244757;2;;
736837724250995;3;;
736837724255220;36;;
736837724266840;6;;
736837724267431;1;;
736837724290625;2;;
736837724297026;3;;
736837724305174;31;;
736837724316806;6;;
736837724317407;1;;
736837724340614;2;;
736837724346829;3;;
736837724381262;32;;
736837724392894;6;;
736837724393484;1;;
736837724416667;2;;
736837724422894;3;;
736837724431273;36;;
736837724442905;6;;
736837724443542;1;;
736837724466748;2;;
736837724472975;3;;
736837724478241;31;;
736837724489861;6;;
736837724490440;1;;
736837724513634;2;;
736837724519850;3;;
736837724524757;31;;
736837724536389;6;;
736837724536944;1;;
736837724560139;2;;
736837724566354;3;;
736837724571725;36;;
736837724583368;6;;
736837724583877;1;;
736837724607083;2;;
736837724613495;3;;
736837724625961;31;;
736837724637593;6;;
736837724638194;1;;
736837724661400;2;;
736837724667627;3;;
736837724671852;36;;
736837724683484;6;;
736837724684051;1;;
736837724707245;2;;
736837724713495;3;;
736837724717245;31;;
736837724728877;6;;
736837724729549;1;;
736837724752755;2;;
736837724758982;3;;
736837724763079;31;;
736837724774711;6;;
736837724774722;66;;
