736837690783669;0;3,1,100,0,v5;
736837690887083;55;;
736837690899456;1;;
736837690922662;2;;
736837690929144;3;;
736837690976725;21;;
736837690988357;6;;
736837690989039;1;;
736837691012245;2;;
736837691018449;3;;
736837691041123;20;;
736837691052766;6;;
736837691053565;1;;
736837691076782;2;;
736837691082986;3;;
736837691093102;20;;
736837691104734;6;;
736837691105451;1;;
736837691128646;2;;
736837691134850;3;;
736837691140602;20;;
736837691152245;6;;
736837691152674;1;;
736837691175868;2;;
736837691182072;3;;
736837691197963;20;;
736837691209595;6;;
736837691210266;1;;
736837691233461;2;;
736837691239653;3;;
736837691273495;21;;
736837691285127;6;;
736837691285810;1;;
736837691309016;2;;
736837691315220;3;;
736837691343276;21;;
736837691354907;6;;
736837691355590;1;;
736837691378796;2;;
736837691385000;3;;
736837691424526;21;;
736837691436158;6;;
736837691436863;1;;
736837691460070;2;;
736837691466262;3;;
736837691478252;21;;
736837691489884;6;;
736837691490579;1;;
736837691513785;2;;
736837691519977;3;;
736837691533565;21;;
736837691545185;6;;
736837691545857;1;;
736837691569051;2;;
736837691575255;3;;
736837691597408;20;;
736837691609039;6;;
736837691609745;1;;
736837691632951;2;;
736837691639144;3;;
736837691650880;21;;
736837691662512;6;;
736837691663195;1;;
736837691686401;2;;
736837691692616;3;;
736837691720463;21;;
736837691732107;6;;
736837691732813;1;;
736837691756019;2;;
736837691762211;3;;
736837691771759;21;;
736837691783380;6;;
736837691784109;1;;
736837691807315;2;;
736837691813519;3;;
736837691832662;21;;
736837691844294;6;;
736837691845012;1;;
736837691868206;2;;
736837691874398;3;;
736837691889595;21;;
736837691901227;6;;
736837691901910;1;;
736837691925116;2;;
736837691931319;3;;
736837691938877;20;;
736837691950509;6;;
736837691951227;1;;
736837691974433;2;;
736837691980648;3;;
736837691991794;21;;
736837692003414;6;;
736837692004120;1;;
736837692027327;2;;
736837692033519;3;;
736837692053009;21;;
736837692064641;6;;
736837692065336;1;;
736837692088530;2;;
736837692094757;3;;
736837692127813;21;;
736837692139444;6;;
736837692140127;1;;
736837692163333;2;;
736837692169549;3;;
736837692190012;21;;
736837692201632;6;;
736837692202373;1;;
736837692225579;2;;
736837692231782;3;;
736837692243461;21;;
736837692255093;6;;
736837692255729;1;;
736837692278935;2;;
736837692285127;3;;
736837692296042;21;;
736837692307662;6;;
736837692308357;1;;
736837692331563;2;;
736837692337755;3;;
736837692345324;21;;
736837692356944;6;;
736837692357627;1;;
736837692380822;2;;
736837692387026;3;;
736837692423646;21;;
736837692435278;6;;
736837692435914;1;;
736837692459109;2;;
736837692465324;3;;
736837692479259;21;;
736837692490903;6;;
736837692491539;1;;
736837692514745;2;;
736837692520695;3;;
736837692535417;21;;
736837692547072;6;;
736837692547743;1;;
736837692570938;2;;
736837692577141;3;;
736837692585880;20;;
736837692597500;6;;
736837692598056;1;;
736837692621250;2;;
736837692627454;3;;
736837692636065;21;;
736837692647685;6;;
736837692648438;1;;
736837692671644;2;;
736837692677847;3;;
736837692689178;21;;
736837692700799;6;;
736837692701389;1;;
736837692724583;2;;
736837692730787;3;;
736837692738472;21;;
736837692750104;6;;
736837692750695;1;;
736837692773901;2;;
736837692780104;3;;
736837692797407;21;;
736837692809039;6;;
736837692809722;1;;
736837692832928;2;;
736837692839410;3;;
736837692847199;21;;
736837692858820;6;;
736837692859456;1;;
736837692882662;2;;
736837692888877;3;;
736837692893669;20;;
736837692905301;6;;
736837692905845;1;;
736837692929051;2;;
736837692935255;3;;
736837692943171;20;;
736837692954792;6;;
736837692955451;1;;
736837692978657;2;;
736837692984873;3;;
736837692990694;21;;
736837693002326;6;;
736837693003009;1;;
736837693026215;2;;
736837693032384;3;;
736837693040509;21;;
736837693052141;6;;
736837693052847;1;;
736837693076042;2;;
736837693082257;3;;
736837693089722;21;;
736837693101343;6;;
736837693102014;1;;
736837693125231;2;;
736837693131447;3;;
736837693145729;21;;
736837693157350;6;;
736837693158056;1;;
736837693181273;2;;
736837693187477;3;;
736837693196898;21;;
736837693208519;6;;
736837693209109;1;;
736837693232303;2;;
736837693238519;3;;
736837693249549;21;;
736837693261181;6;;
736837693261782;1;;
736837693284977;2;;
736837693291030;3;;
736837693299155;20;;
736837693310776;6;;
736837693311470;1;;
736837693334676;2;;
736837693340880;3;;
736837693346944;20;;
736837693358565;6;;
736837693359190;1;;
736837693382384;2;;
736837693388576;3;;
736837693402049;21;;
736837693413669;6;;
736837693414352;1;;
736837693437546;2;;
736837693443750;3;;
736837693452488;21;;
736837693464120;6;;
736837693464734;1;;
736837693487928;2;;
736837693494155;3;;
736837693502627;21;;
736837693514259;6;;
736837693514954;1;;
736837693538148;2;;
736837693544363;3;;
736837693551678;21;;
736837693563310;6;;
736837693564016;1;;
736837693587222;2;;
736837693593414;3;;
736837693603414;21;;
736837693615046;6;;
736837693615741;1;;
736837693638935;2;;
736837693645139;3;;
736837693656412;21;;
736837693668044;6;;
736837693668750;1;;
736837693691956;2;;
736837693698160;3;;
736837693717662;20;;
736837693729306;6;;
736837693729919;1;;
736837693753113;2;;
736837693759306;3;;
736837693774873;20;;
736837693786505;6;;
736837693787153;1;;
736837693810359;2;;
736837693816586;3;;
736837693824398;21;;
736837693836019;6;;
736837693836736;1;;
736837693859942;2;;
736837693866146;3;;
736837693871042;21;;
736837693882674;6;;
736837693883102;1;;
736837693906320;2;;
736837693912407;3;;
736837693922153;21;;
736837693933773;6;;
736837693934456;1;;
736837693957651;2;;
736837693963854;3;;
736837693974317;21;;
736837693985949;6;;
736837693986678;1;;
736837694009873;2;;
736837694016065;3;;
736837694033229;21;;
736837694044850;6;;
736837694045532;1;;
736837694068738;2;;
736837694074931;3;;
736837694107095;21;;
736837694118727;6;;
736837694119491;1;;
736837694142685;2;;
736837694148889;3;;
736837694160394;21;;
736837694172014;6;;
736837694172639;1;;
736837694195833;2;;
736837694202037;3;;
736837694225729;21;;
736837694237361;6;;
736837694237986;1;;
736837694261181;2;;
736837694267477;3;;
736837694280498;21;;
736837694292118;6;;
736837694292697;1;;
736837694315903;2;;
736837694322106;3;;
736837694341713;21;;
736837694353333;6;;
736837694354063;1;;
736837694377257;2;;
736837694383461;3;;
736837694395810;21;;
736837694407431;6;;
736837694408148;1;;
736837694431354;2;;
736837694437546;3;;
736837694471516;21;;
736837694483148;6;;
736837694483819;1;;
736837694507037;2;;
736837694513241;3;;
736837694522523;21;;
736837694534155;6;;
736837694534780;1;;
736837694557975;2;;
736837694564178;3;;
736837694580556;21;;
736837694592188;6;;
736837694592963;1;;
736837694616158;2;;
736837694622350;3;;
736837694630845;20;;
736837694642465;6;;
736837694643113;1;;
736837694666308;2;;
736837694672512;3;;
736837694685752;21;;
736837694697384;6;;
736837694698114;1;;
736837694721331;2;;
736837694727523;3;;
736837694741389;21;;
736837694753009;6;;
736837694753692;1;;
736837694776887;2;;
736837694783090;3;;
736837694790428;21;;
736837694802049;6;;
736837694802639;1;;
736837694825833;2;;
736837694832037;3;;
736837694851401;20;;
736837694863044;6;;
736837694863704;1;;
736837694886898;2;;
736837694893102;3;;
736837694906458;21;;
736837694918090;6;;
736837694918796;1;;
736837694941991;2;;
736837694948194;3;;
736837694963993;21;;
736837694975613;6;;
736837694976308;1;;
736837694999514;2;;
736837695005683;3;;
736837695016354;21;;
736837695027975;6;;
736837695028646;1;;
736837695051840;2;;
736837695058044;3;;
736837695070926;21;;
736837695082558;6;;
736837695083171;1;;
736837695106366;2;;
736837695112570;3;;
736837695139468;21;;
736837695151088;6;;
736837695151829;1;;
736837695175023;2;;
736837695181239;3;;
736837695193090;20;;
736837695204722;6;;
736837695205324;1;;
736837695228519;2;;
736837695234722;3;;
736837695243681;21;;
736837695255301;6;;
736837695256030;1;;
736837695279225;2;;
736837695285440;3;;
736837695295428;20;;
736837695307118;6;;
736837695307674;1;;
736837695330891;2;;
736837695336991;3;;
736837695361690;21;;
736837695373322;6;;
736837695373924;1;;
736837695397118;2;;
736837695403322;3;;
736837695411111;20;;
736837695422743;6;;
736837695423426;1;;
736837695446620;2;;
736837695452824;3;;
736837695460741;21;;
736837695472361;6;;
736837695472917;1;;
736837695496123;2;;
736837695502326;3;;
736837695508495;21;;
736837695520127;6;;
736837695520810;1;;
736837695544005;2;;
736837695550243;3;;
736837695559201;21;;
736837695570822;6;;
736837695571412;1;;
736837695594618;2;;
736837695600810;3;;
736837695608611;20;;
736837695620255;6;;
736837695620718;1;;
736837695643912;2;;
736837695650104;3;;
736837695657315;21;;
736837695668935;6;;
736837695669676;1;;
736837695692882;2;;
736837695699074;3;;
736837695709294;21;;
736837695720926;6;;
736837695721701;1;;
736837695744907;2;;
736837695751123;3;;
736837695761111;21;;
736837695772743;6;;
736837695773461;1;;
736837695796655;2;;
736837695802859;3;;
736837695821644;21;;
736837695833264;6;;
736837695833947;1;;
736837695857222;2;;
736837695863426;3;;
736837695932940;21;;
736837695944572;6;;
736837695945255;1;;
736837695968449;2;;
736837695974664;3;;
736837695986389;21;;
736837695998009;6;;
736837695998715;1;;
736837696021910;2;;
736837696028125;3;;
736837696032662;21;;
736837696044294;6;;
736837696045000;1;;
736837696068195;2;;
736837696074375;3;;
736837696080544;21;;
736837696092164;6;;
736837696092882;1;;
736837696116088;2;;
736837696122292;3;;
736837696132188;21;;
736837696143808;6;;
736837696144537;1;;
736837696167743;2;;
736837696173935;3;;
736837696191979;21;;
736837696203611;6;;
736837696204340;1;;
736837696227535;2;;
736837696233739;3;;
736837696249549;20;;
736837696261169;6;;
736837696261887;1;;
736837696285081;2;;
736837696291296;3;;
736837696313449;21;;
736837696325069;6;;
736837696325776;1;;
736837696348982;2;;
736837696355185;3;;
736837696367951;21;;
736837696379572;6;;
736837696380116;1;;
736837696403310;2;;
736837696409479;3;;
736837696416447;21;;
736837696428472;6;;
736837696429120;1;;
736837696452350;2;;
736837696458576;3;;
736837696463820;21;;
736837696475451;6;;
736837696476134;1;;
736837696499329;2;;
736837696505579;3;;
736837696511632;21;;
736837696523252;6;;
736837696523264;66;;
