733825479678600;0;2,2,200,v3;
733825479802384;55;;
733825479814780;1;;
733825479826493;2;;
733825479832292;3;;
733825479883866;36;;
733825479895451;6;;
733825479896389;1;;
733825479907975;2;;
733825479913773;3;;
733825479963843;32;;
733825479975544;6;;
733825479976829;1;;
733825479988414;2;;
733825479994213;3;;
733825480028982;32;;
733825480040567;6;;
733825480041389;1;;
733825480052975;2;;
733825480058773;3;;
733825480068044;36;;
733825480079630;6;;
733825480080093;1;;
733825480091690;2;;
733825480097488;3;;
733825480105370;36;;
733825480117072;6;;
733825480118114;1;;
733825480129826;2;;
733825480135614;3;;
733825480144190;33;;
733825480155787;6;;
733825480157523;1;;
733825480169109;2;;
733825480174907;3;;
733825480180359;33;;
733825480191944;6;;
733825480192407;1;;
733825480204005;2;;
733825480209803;3;;
733825480335324;33;;
733825480346921;6;;
733825480347847;1;;
733825480359433;2;;
733825480365232;3;;
733825480407303;36;;
733825480418889;6;;
733825480419248;1;;
733825480430833;2;;
733825480436632;3;;
733825480464560;35;;
733825480476273;6;;
733825480479861;1;;
733825480491574;2;;
733825480497361;3;;
733825480520660;33;;
733825480532257;6;;
733825480533530;1;;
733825480545116;2;;
733825480550914;3;;
733825480577222;32;;
733825480588820;6;;
733825480589630;1;;
733825480601215;2;;
733825480607014;3;;
733825480641204;33;;
733825480652917;6;;
733825480654306;1;;
733825480665891;2;;
733825480671690;3;;
733825480675509;33;;
733825480687107;6;;
733825480687570;1;;
733825480699155;2;;
733825480704954;3;;
733825480706921;36;;
733825480718634;6;;
733825480719792;1;;
733825480731377;2;;
733825480737176;3;;
733825480740301;33;;
733825480751898;6;;
733825480752708;1;;
733825480764294;2;;
733825480770093;3;;
733825480777280;33;;
733825480788866;6;;
733825480789456;1;;
733825480801042;2;;
733825480806840;3;;
733825480955776;33;;
733825480967373;6;;
733825480968183;1;;
733825480979884;2;;
733825480985683;3;;
733825481008056;33;;
733825481019641;6;;
733825481020451;1;;
733825481032049;2;;
733825481037836;3;;
733825481042940;36;;
733825481054526;6;;
733825481055116;1;;
733825481066701;2;;
733825481072500;3;;
733825481077477;33;;
733825481089074;6;;
733825481092546;1;;
733825481104144;2;;
733825481109931;3;;
733825481114225;33;;
733825481125926;6;;
733825481126389;1;;
733825481137986;2;;
733825481143785;3;;
733825481161169;33;;
733825481172755;6;;
733825481173681;1;;
733825481185278;2;;
733825481191065;3;;
733825481208461;33;;
733825481220046;6;;
733825481220856;1;;
733825481232454;2;;
733825481238241;3;;
733825481244618;33;;
733825481256215;6;;
733825481257257;1;;
733825481268843;2;;
733825481274641;3;;
733825481284838;33;;
733825481296551;6;;
733825481297477;1;;
733825481309063;2;;
733825481314861;3;;
733825481321354;33;;
733825481333056;6;;
733825481333866;1;;
733825481345463;2;;
733825481351250;3;;
733825481355544;36;;
733825481367245;6;;
733825481368171;1;;
733825481379769;2;;
733825481385567;3;;
733825481392396;36;;
733825481404109;6;;
733825481404919;1;;
733825481416620;2;;
733825481422419;3;;
733825481425671;33;;
733825481437373;6;;
733825481438183;1;;
733825481449780;2;;
733825481455567;3;;
733825481466007;36;;
733825481477593;6;;
733825481478519;1;;
733825481490232;2;;
733825481496019;3;;
733825481535197;33;;
733825481546910;6;;
733825481548067;1;;
733825481559653;2;;
733825481565451;3;;
733825481585614;33;;
733825481597211;6;;
733825481598252;1;;
733825481609838;2;;
733825481615637;3;;
733825481619120;33;;
733825481630706;6;;
733825481631516;1;;
733825481643113;2;;
733825481648900;3;;
733825481661076;36;;
733825481672662;6;;
733825481673357;1;;
733825481684954;2;;
733825481690752;3;;
733825482221597;33;;
733825482233194;6;;
733825482237245;1;;
733825482248843;2;;
733825482254641;3;;
733825482340289;33;;
733825482351887;6;;
733825482352234;1;;
733825482363820;2;;
733825482369618;3;;
733825482415174;32;;
733825482426759;6;;
733825482427570;1;;
733825482439155;2;;
733825482444954;3;;
733825482457940;35;;
733825482469525;6;;
733825482469988;1;;
733825482481701;2;;
733825482487488;3;;
733825482493056;36;;
733825482504653;6;;
733825482505116;1;;
733825482516817;2;;
733825482522616;3;;
733825482559468;35;;
733825482571065;6;;
733825482572222;1;;
733825482583808;2;;
733825482589606;3;;
733825482621944;33;;
733825482633657;6;;
733825482634468;1;;
733825482646169;2;;
733825482651968;3;;
733825482790359;32;;
733825482801956;6;;
733825482803113;1;;
733825482814699;2;;
733825482820498;3;;
733825482835336;33;;
733825482847037;6;;
733825482848542;1;;
733825482860139;2;;
733825482865938;3;;
733825482873461;33;;
733825482885058;6;;
733825482885868;1;;
733825482897454;2;;
733825482903252;3;;
733825482910671;36;;
733825482922269;6;;
733825482923079;1;;
733825482934780;2;;
733825482940579;3;;
733825482941042;36;;
733825482952743;6;;
733825482953669;1;;
733825482965266;2;;
733825482971065;3;;
733825483033993;32;;
733825483045590;6;;
733825483046285;1;;
733825483057986;2;;
733825483063785;3;;
733825483091609;33;;
733825483103194;6;;
733825483104120;1;;
733825483115718;2;;
733825483121505;3;;
733825483136921;33;;
733825483148634;6;;
733825483149097;1;;
733825483160683;2;;
733825483166482;3;;
733825483245648;33;;
733825483257350;6;;
733825483258391;1;;
733825483269989;2;;
733825483275776;3;;
733825483282732;36;;
733825483294329;6;;
733825483295370;1;;
733825483306956;2;;
733825483312755;3;;
733825483428194;32;;
733825483439792;6;;
733825483440255;1;;
733825483451840;2;;
733825483457639;3;;
733825483490787;33;;
733825483502384;6;;
733825483503194;1;;
733825483514896;2;;
733825483520694;3;;
733825483524514;33;;
733825483536227;6;;
733825483537616;1;;
733825483549201;2;;
733825483555000;3;;
733825483595683;33;;
733825483607396;6;;
733825483607859;1;;
733825483619444;2;;
733825483625243;3;;
733825483640428;33;;
733825483652014;6;;
733825483652477;1;;
733825483664074;2;;
733825483669861;3;;
733825483781019;31;;
733825483792616;6;;
733825483793079;1;;
733825483804664;2;;
733825483810463;3;;
733825483822627;35;;
733825483834340;6;;
733825483841644;1;;
733825483853229;2;;
733825483859028;3;;
733825483912465;33;;
733825483924051;6;;
733825483924630;1;;
733825483936331;2;;
733825483942130;3;;
733825483953264;32;;
733825483964850;6;;
733825483965891;1;;
733825483977489;2;;
733825483983276;3;;
733825483990000;33;;
733825484001713;6;;
733825484002407;1;;
733825484013993;2;;
733825484019792;3;;
733825484083773;32;;
733825484095359;6;;
733825484096053;1;;
733825484107651;2;;
733825484113438;3;;
733825484123414;36;;
733825484135000;6;;
733825484135926;1;;
733825484147523;2;;
733825484153310;3;;
733825484161076;33;;
733825484172674;6;;
733825484173137;1;;
733825484184722;2;;
733825484190521;3;;
733825484262500;32;;
733825484274202;6;;
733825484275255;1;;
733825484286840;2;;
733825484292639;3;;
733825484343171;31;;
733825484354757;6;;
733825484355579;1;;
733825484367164;2;;
733825484372963;3;;
733825484383970;31;;
733825484395683;6;;
733825484396725;1;;
733825484408310;2;;
733825484414109;3;;
733825484439028;32;;
733825484450613;6;;
733825484451782;1;;
733825484463368;2;;
733825484469167;3;;
733825484516806;32;;
733825484528391;6;;
733825484529086;1;;
733825484540799;2;;
733825484546586;3;;
733825484554005;31;;
733825484565602;6;;
733825484566412;1;;
733825484577998;2;;
733825484583796;3;;
733825484592604;31;;
733825484604190;6;;
733825484605012;1;;
733825484616597;2;;
733825484622396;3;;
733825484630278;31;;
733825484641979;6;;
733825484642442;1;;
733825484654039;2;;
733825484659826;3;;
733825484777824;32;;
733825484789410;6;;
733825484790232;1;;
733825484801817;2;;
733825484807616;3;;
733825484915984;31;;
733825484927581;6;;
733825484928623;1;;
733825484940208;2;;
733825484946007;3;;
733825485262315;36;;
733825485273912;6;;
733825485274838;1;;
733825485286424;2;;
733825485292222;3;;
733825485303924;36;;
733825485315637;6;;
733825485319803;1;;
733825485331400;2;;
733825485337199;3;;
733825485350984;33;;
733825485362697;6;;
733825485363738;1;;
733825485375324;2;;
733825485381123;3;;
733825485441863;33;;
733825485453565;6;;
733825485454375;1;;
733825485465972;2;;
733825485471759;3;;
733825485495868;32;;
733825485507465;6;;
733825485508276;1;;
733825485519861;2;;
733825485525660;3;;
733825485597408;31;;
733825485608993;6;;
733825485609803;1;;
733825485621400;2;;
733825485627199;3;;
733825485690475;35;;
733825485702072;6;;
733825485702766;1;;
733825485714352;2;;
733825485720150;3;;
733825485875232;33;;
733825485886829;6;;
733825485887639;1;;
733825485899225;2;;
733825485905023;3;;
733825485996123;31;;
733825486007720;6;;
733825486008414;1;;
733825486020000;2;;
733825486025799;3;;
733825486032292;31;;
733825486043993;6;;
733825486044688;1;;
733825486056401;2;;
733825486062199;3;;
733825486072280;31;;
733825486083866;6;;
733825486085139;1;;
733825486096736;2;;
733825486102535;3;;
733825486112269;31;;
733825486123854;6;;
733825486124896;1;;
733825486136493;2;;
733825486142292;3;;
733825486148426;31;;
733825486160023;6;;
733825486160718;1;;
733825486172303;2;;
733825486178102;3;;
733825486189572;31;;
733825486201169;6;;
733825486201632;1;;
733825486213218;2;;
733825486219016;3;;
733825486230729;36;;
733825486242315;6;;
733825486243009;1;;
733825486254607;2;;
733825486260394;3;;
733825486266539;31;;
733825486278125;6;;
733825486278947;1;;
733825486290532;2;;
733825486296331;3;;
733825486344317;32;;
733825486355903;6;;
733825486356944;1;;
733825486368658;2;;
733825486374445;3;;
733825486385810;31;;
733825486397512;6;;
733825486398669;1;;
733825486410266;2;;
733825486416065;3;;
733825486448982;31;;
733825486460567;6;;
733825486461262;1;;
733825486472859;2;;
733825486478646;3;;
733825486514583;32;;
733825486526285;6;;
733825486526748;1;;
733825486538461;2;;
733825486544248;3;;
733825486563727;36;;
733825486575313;6;;
733825486576238;1;;
733825486587836;2;;
733825486593634;3;;
733825486649387;32;;
733825486660972;6;;
733825486661667;1;;
733825486673264;2;;
733825486679051;3;;
733825486690185;31;;
733825486701771;6;;
733825486705833;1;;
733825486717419;2;;
733825486723218;3;;
733825486731331;31;;
733825486742917;6;;
733825486743727;1;;
733825486755324;2;;
733825486761111;3;;
733825486787894;31;;
733825486799595;6;;
733825486799595;66;;
