735772715655764;0;3,2,200,0,v5;
735772716422951;55;;
735772716435324;1;;
735772716458542;2;;
735772716464838;3;;
735772716479954;33;;
735772716491586;6;;
735772716492836;1;;
735772716516042;2;;
735772716522419;3;;
735772716526204;33;;
735772716537847;6;;
735772716538426;1;;
735772716561632;2;;
735772716567940;3;;
735772716572303;36;;
735772716583924;6;;
735772716585185;1;;
735772716608403;2;;
735772716614780;3;;
735772716625405;33;;
735772716637037;6;;
735772716637651;1;;
735772716660868;2;;
735772716667222;3;;
735772716677407;32;;
735772716689039;6;;
735772716689491;1;;
735772716712697;2;;
735772716718935;3;;
735772716722373;36;;
735772716734005;6;;
735772716734595;1;;
735772716757813;2;;
735772716764120;3;;
735772716768646;33;;
735772716780278;6;;
735772716780880;1;;
735772716804097;2;;
735772716810278;3;;
735772716814352;31;;
735772716825984;6;;
735772716826725;1;;
735772716849954;2;;
735772716856424;3;;
735772716859873;36;;
735772716871505;6;;
735772716872153;1;;
735772716895370;2;;
735772716901620;3;;
735772716904664;33;;
735772716916285;6;;
735772716917384;1;;
735772716940614;2;;
735772716947037;3;;
735772716951308;33;;
735772716962940;6;;
735772716963426;1;;
735772716986644;2;;
735772716992882;3;;
735772716996829;36;;
735772717008461;6;;
735772717008935;1;;
735772717032141;2;;
735772717038426;3;;
735772717042350;36;;
735772717053982;6;;
735772717054977;1;;
735772717078195;2;;
735772717084572;3;;
735772717109896;34;;
735772717121528;6;;
735772717122326;1;;
735772717145556;2;;
735772717151910;3;;
735772717154502;33;;
735772717166134;6;;
735772717166852;1;;
735772717190058;2;;
735772717196389;3;;
735772717200949;33;;
735772717212581;6;;
735772717213426;1;;
735772717236644;2;;
735772717242940;3;;
735772717246285;33;;
735772717257917;6;;
735772717258669;1;;
735772717281910;2;;
735772717288322;3;;
735772717292361;36;;
735772717303993;6;;
735772717305255;1;;
735772717328461;2;;
735772717334896;3;;
735772717338623;33;;
735772717350266;6;;
735772717351551;1;;
735772717374757;2;;
735772717381123;3;;
735772717392488;33;;
735772717404120;6;;
735772717404734;1;;
735772717427940;2;;
735772717434248;3;;
735772717437824;36;;
735772717449456;6;;
735772717450093;1;;
735772717473310;2;;
735772717479676;3;;
735772717483357;33;;
735772717494977;6;;
735772717495903;1;;
735772717519120;2;;
735772717525532;3;;
735772717529063;32;;
735772717540694;6;;
735772717541192;1;;
735772717564398;2;;
735772717570660;3;;
735772717587917;33;;
735772717599537;6;;
735772717600220;1;;
735772717623438;2;;
735772717629745;3;;
735772717641389;34;;
735772717653021;6;;
735772717653843;1;;
735772717677049;2;;
735772717683507;3;;
735772717686539;32;;
735772717698171;6;;
735772717698773;1;;
735772717721991;2;;
735772717728333;3;;
735772717765567;33;;
735772717777199;6;;
735772717777651;1;;
735772717800857;2;;
735772717807130;3;;
735772717813866;33;;
735772717825486;6;;
735772717826146;1;;
735772717849364;2;;
735772717855752;3;;
735772717860313;35;;
735772717871944;6;;
735772717872407;1;;
735772717895625;2;;
735772717901898;3;;
735772717905833;36;;
735772717917465;6;;
735772717917951;1;;
735772717941169;2;;
735772717947454;3;;
735772717951181;36;;
735772717962813;6;;
735772717963345;1;;
735772717986551;2;;
735772717992917;3;;
735772717995602;36;;
735772718007222;6;;
735772718007882;1;;
735772718031100;2;;
735772718037373;3;;
735772718041308;36;;
735772718052940;6;;
735772718053438;1;;
735772718076655;2;;
735772718082882;3;;
735772718085718;36;;
735772718097350;6;;
735772718097824;1;;
735772718121042;2;;
735772718127315;3;;
735772718131424;33;;
735772718143056;6;;
735772718143600;1;;
735772718166829;2;;
735772718173276;3;;
735772718198044;34;;
735772718209676;6;;
735772718210289;1;;
735772718233507;2;;
735772718239803;3;;
735772718242836;35;;
735772718254456;6;;
735772718255301;1;;
735772718278530;2;;
735772718284919;3;;
735772718287616;33;;
735772718299248;6;;
735772718300776;1;;
735772718323982;2;;
735772718330394;3;;
735772718335544;35;;
735772718347176;6;;
735772718347732;1;;
735772718370949;2;;
735772718377303;3;;
735772718389780;34;;
735772718401401;6;;
735772718402384;1;;
735772718425614;2;;
735772718432106;3;;
735772718458796;34;;
735772718470428;6;;
735772718471042;1;;
735772718494259;2;;
735772718500521;3;;
735772718504502;33;;
735772718516134;6;;
735772718516586;1;;
735772718539803;2;;
735772718546065;3;;
735772718550023;33;;
735772718561667;6;;
735772718562338;1;;
735772718585544;2;;
735772718591887;3;;
735772718595741;36;;
735772718607373;6;;
735772718607986;1;;
735772718631204;2;;
735772718637639;3;;
735772718643113;33;;
735772718654745;6;;
735772718655683;1;;
735772718678901;2;;
735772718685232;3;;
735772718691597;33;;
735772718703229;6;;
735772718703692;1;;
735772718726910;2;;
735772718733218;3;;
735772718736019;33;;
735772718747651;6;;
735772718748333;1;;
735772718771563;2;;
735772718777928;3;;
735772718804120;33;;
735772718815752;6;;
735772718816563;1;;
735772718839780;2;;
735772718846065;3;;
735772718874618;31;;
735772718886250;6;;
735772718886690;1;;
735772718909907;2;;
735772718916192;3;;
735772718932164;33;;
735772718943796;6;;
735772718944329;1;;
735772718967558;2;;
735772718973843;3;;
735772718979364;36;;
735772718990995;6;;
735772718992442;1;;
735772719015660;2;;
735772719022060;3;;
735772719049306;32;;
735772719060938;6;;
735772719061620;1;;
735772719084850;2;;
735772719091192;3;;
735772719119815;32;;
735772719131435;6;;
735772719132083;1;;
735772719155301;2;;
735772719161609;3;;
735772719170521;35;;
735772719182153;6;;
735772719182708;1;;
735772719205926;2;;
735772719212338;3;;
735772719226586;32;;
735772719238218;6;;
735772719238785;1;;
735772719261991;2;;
735772719268275;3;;
735772719271933;32;;
735772719283565;6;;
735772719284213;1;;
735772719307431;2;;
735772719313750;3;;
735772719350752;34;;
735772719362384;6;;
735772719363090;1;;
735772719386319;2;;
735772719392604;3;;
735772719400174;32;;
735772719411817;6;;
735772719412454;1;;
735772719435660;2;;
735772719441910;3;;
735772719445509;32;;
735772719457141;6;;
735772719458310;1;;
735772719481528;2;;
735772719487963;3;;
735772719491400;32;;
735772719503032;6;;
735772719503669;1;;
735772719526875;2;;
735772719533206;3;;
735772719537118;35;;
735772719548739;6;;
735772719550069;1;;
735772719573299;2;;
735772719579711;3;;
735772719584502;32;;
735772719596123;6;;
735772719596736;1;;
735772719619954;2;;
735772719626262;3;;
735772719652963;34;;
735772719664595;6;;
735772719665984;1;;
735772719689201;2;;
735772719695671;3;;
735772719713472;34;;
735772719725104;6;;
735772719725706;1;;
735772719748912;2;;
735772719755382;3;;
735772719761586;33;;
735772719773229;6;;
735772719773819;1;;
735772719797025;2;;
735772719803310;3;;
735772719806192;36;;
735772719817824;6;;
735772719818484;1;;
735772719841702;2;;
735772719848102;3;;
735772719853935;33;;
735772719865567;6;;
735772719867292;1;;
735772719890509;2;;
735772719896771;3;;
735772719899826;31;;
735772719911458;6;;
735772719912014;1;;
735772719935220;2;;
735772719941539;3;;
735772719945174;35;;
735772719956794;6;;
735772719957361;1;;
735772719980590;2;;
735772719987002;3;;
735772719991262;35;;
735772720002894;6;;
735772720003507;1;;
735772720026725;2;;
735772720033160;3;;
735772720041227;32;;
735772720052847;6;;
735772720054190;1;;
735772720077407;2;;
735772720083808;3;;
735772720093218;32;;
735772720104850;6;;
735772720106354;1;;
735772720129572;2;;
735772720136100;3;;
735772720140961;34;;
735772720152593;6;;
735772720153194;1;;
735772720176412;2;;
735772720182813;3;;
735772720195567;32;;
735772720207199;6;;
735772720207766;1;;
735772720230984;2;;
735772720237350;3;;
735772720250521;34;;
735772720262153;6;;
735772720263669;1;;
735772720286887;2;;
735772720293252;3;;
735772720297338;32;;
735772720308970;6;;
735772720309560;1;;
735772720332766;2;;
735772720339097;3;;
735772720358773;34;;
735772720370405;6;;
735772720371007;1;;
735772720394236;2;;
735772720400521;3;;
735772720402650;36;;
735772720414271;6;;
735772720414884;1;;
735772720438102;2;;
735772720444340;3;;
735772720447986;31;;
735772720459618;6;;
735772720460243;1;;
735772720483461;2;;
735772720489792;3;;
735772720496840;33;;
735772720508472;6;;
735772720509190;1;;
735772720532396;2;;
735772720538750;3;;
735772720541991;36;;
735772720553623;6;;
735772720554468;1;;
735772720577685;2;;
735772720583901;3;;
735772720590671;33;;
735772720602303;6;;
735772720602882;1;;
735772720626088;2;;
735772720632488;3;;
735772720638229;34;;
735772720649954;6;;
735772720650810;1;;
735772720674028;2;;
735772720680359;3;;
735772720685417;32;;
735772720697049;6;;
735772720697431;1;;
735772720720637;2;;
735772720726956;3;;
735772720733901;36;;
735772720745532;6;;
735772720747014;1;;
735772720770220;2;;
735772720776586;3;;
735772720785359;34;;
735772720796991;6;;
735772720798426;1;;
735772720821644;2;;
735772720827986;3;;
735772720833287;32;;
735772720844919;6;;
735772720845660;1;;
735772720868877;2;;
735772720875208;3;;
735772720882326;34;;
735772720893958;6;;
735772720894572;1;;
735772720917789;2;;
735772720924167;3;;
735772720926921;36;;
735772720938553;6;;
735772720939294;1;;
735772720962512;2;;
735772720968889;3;;
735772720973924;36;;
735772720985567;6;;
735772720985984;1;;
735772721009201;2;;
735772721015509;3;;
735772721025382;34;;
735772721037002;6;;
735772721037662;1;;
735772721060880;2;;
735772721067222;3;;
735772721083102;36;;
735772721094734;6;;
735772721095324;1;;
735772721118542;2;;
735772721124873;3;;
735772721150081;33;;
735772721161713;6;;
735772721162315;1;;
735772721185532;2;;
735772721191887;3;;
735772721200799;34;;
735772721212431;6;;
735772721213669;1;;
735772721236875;2;;
735772721243252;3;;
735772721245764;32;;
735772721257396;6;;
735772721257870;1;;
735772721281076;2;;
735772721287338;3;;
735772721290544;36;;
735772721302176;6;;
735772721304317;1;;
735772721327535;2;;
735772721333889;3;;
735772721339398;32;;
735772721351030;6;;
735772721351609;1;;
735772721374815;2;;
735772721381123;3;;
735772721384005;36;;
735772721395637;6;;
735772721396042;1;;
735772721419259;2;;
735772721425579;3;;
735772721441007;33;;
735772721452639;6;;
735772721453600;1;;
735772721476817;2;;
735772721483183;3;;
735772721502257;34;;
735772721513877;6;;
735772721513901;66;;
