735688527522743;0;1,2,200,0,v5;
735688528634641;55;;
735688528648414;1;;
735688528671667;2;;
735688528679109;3;;
735688528705463;31;;
735688528717118;6;;
735688528717755;1;;
735688528740972;2;;
735688528747500;3;;
735688528759456;31;;
735688528771100;6;;
735688528772847;1;;
735688528796065;2;;
735688528802361;3;;
735688528812928;31;;
735688528824572;6;;
735688528825255;1;;
735688528848495;2;;
735688528854850;3;;
735688528862153;36;;
735688528873796;6;;
735688528874306;1;;
735688528897523;2;;
735688528904063;3;;
735688528911933;36;;
735688528923565;6;;
735688528924201;1;;
735688528947419;2;;
735688528953785;3;;
735688528958553;36;;
735688528970197;6;;
735688528970914;1;;
735688528994144;2;;
735688529000613;3;;
735688529015544;32;;
735688529027188;6;;
735688529027789;1;;
735688529051007;2;;
735688529057465;3;;
735688529072535;35;;
735688529084178;6;;
735688529084734;1;;
735688529107952;2;;
735688529114225;3;;
735688529118982;36;;
735688529130613;6;;
735688529131204;1;;
735688529154433;2;;
735688529160984;3;;
735688529167639;31;;
735688529179282;6;;
735688529179850;1;;
735688529203056;2;;
735688529209306;3;;
735688529214086;36;;
735688529225718;6;;
735688529226597;1;;
735688529249803;2;;
735688529256181;3;;
735688529260903;31;;
735688529272546;6;;
735688529273519;1;;
735688529296748;2;;
735688529303322;3;;
735688529308634;31;;
735688529320278;6;;
735688529320845;1;;
735688529344074;2;;
735688529350579;3;;
735688529360081;35;;
735688529371713;6;;
735688529372257;1;;
735688529395475;2;;
735688529402014;3;;
735688529406158;31;;
735688529417778;6;;
735688529418449;1;;
735688529441678;2;;
735688529448206;3;;
735688529453333;31;;
735688529464977;6;;
735688529465521;1;;
735688529488750;2;;
735688529495058;3;;
735688529500151;36;;
735688529511783;6;;
735688529513715;1;;
735688529536921;2;;
735688529543322;3;;
735688529548079;31;;
735688529559711;6;;
735688529560324;1;;
735688529583542;2;;
735688529589826;3;;
735688529596181;31;;
735688529607824;6;;
735688529608287;1;;
735688529631505;2;;
735688529638032;3;;
735688529642998;36;;
735688529654653;6;;
735688529655162;1;;
735688529678380;2;;
735688529684931;3;;
735688529698137;35;;
735688529709769;6;;
735688529710475;1;;
735688529733704;2;;
735688529740162;3;;
735688529751979;35;;
735688529763623;6;;
735688529764167;1;;
735688529787373;2;;
735688529793681;3;;
735688529806933;35;;
735688529818565;6;;
735688529819190;1;;
735688529842408;2;;
735688529848820;3;;
735688529853750;31;;
735688529865382;6;;
735688529866690;1;;
735688529889942;2;;
735688529896401;3;;
735688529906667;32;;
735688529918299;6;;
735688529918738;1;;
735688529941968;2;;
735688529948414;3;;
735688529954954;31;;
735688529966597;6;;
735688529967408;1;;
735688529990637;2;;
735688529997049;3;;
735688530003623;31;;
735688530015266;6;;
735688530016123;1;;
735688530039352;2;;
735688530045729;3;;
735688530049884;36;;
735688530061516;6;;
735688530062083;1;;
735688530085301;2;;
735688530091586;3;;
735688530095405;36;;
735688530107037;6;;
735688530107558;1;;
735688530130764;2;;
735688530137072;3;;
735688530151470;32;;
735688530163102;6;;
735688530164711;1;;
735688530187917;2;;
735688530194317;3;;
735688530199016;31;;
735688530210660;6;;
735688530211285;1;;
735688530234526;2;;
735688530240857;3;;
735688530244433;36;;
735688530256076;6;;
735688530257465;1;;
735688530280671;2;;
735688530287037;3;;
735688530291435;31;;
735688530303067;6;;
735688530303982;1;;
735688530327199;2;;
735688530333542;3;;
735688530337512;31;;
735688530349144;6;;
735688530350509;1;;
735688530373727;2;;
735688530380046;3;;
735688530389873;31;;
735688530401505;6;;
735688530402002;1;;
735688530425232;2;;
735688530431505;3;;
735688530438773;35;;
735688530450405;6;;
735688530451042;1;;
735688530474248;2;;
735688530480463;3;;
735688530488357;31;;
735688530499989;6;;
735688530500787;1;;
735688530524016;2;;
735688530530417;3;;
735688530535174;36;;
735688530546806;6;;
735688530547581;1;;
735688530570810;2;;
735688530577257;3;;
735688530590868;35;;
735688530602500;6;;
735688530603033;1;;
735688530626250;2;;
735688530632523;3;;
735688530643414;32;;
735688530655046;6;;
735688530655718;1;;
735688530678935;2;;
735688530685278;3;;
735688530688935;36;;
735688530700567;6;;
735688530701864;1;;
735688530725070;2;;
735688530731447;3;;
735688530737778;36;;
735688530749398;6;;
735688530750012;1;;
735688530773218;2;;
735688530779641;3;;
735688530787558;35;;
735688530799190;6;;
735688530800058;1;;
735688530823276;2;;
735688530829688;3;;
735688530833993;36;;
735688530845637;6;;
735688530846354;1;;
735688530869583;2;;
735688530875903;3;;
735688530879699;31;;
735688530891331;6;;
735688530891875;1;;
735688530915104;2;;
735688530921400;3;;
735688530930949;31;;
735688530942593;6;;
735688530943507;1;;
735688530966713;2;;
735688530973090;3;;
735688530978692;36;;
735688530990336;6;;
735688530990776;1;;
735688531013993;2;;
735688531020336;3;;
735688531025139;36;;
735688531036771;6;;
735688531037211;1;;
735688531060428;2;;
735688531066829;3;;
735688531073981;35;;
735688531085613;6;;
735688531087963;1;;
735688531111192;2;;
735688531118009;3;;
735688531130891;31;;
735688531142535;6;;
735688531142963;1;;
735688531166192;2;;
735688531172674;3;;
735688531176401;36;;
735688531188044;6;;
735688531188889;1;;
735688531212107;2;;
735688531218530;3;;
735688531225984;35;;
735688531237639;6;;
735688531238102;1;;
735688531261319;2;;
735688531267836;3;;
735688531289074;35;;
735688531300706;6;;
735688531301424;1;;
735688531324641;2;;
735688531331053;3;;
735688531344572;35;;
735688531356204;6;;
735688531357037;1;;
735688531380266;2;;
735688531386620;3;;
735688531391377;36;;
735688531403021;6;;
735688531403542;1;;
735688531426759;2;;
735688531433137;3;;
735688531438750;36;;
735688531450382;6;;
735688531451042;1;;
735688531474282;2;;
735688531480694;3;;
735688531492963;32;;
735688531504595;6;;
735688531505000;1;;
735688531528218;2;;
735688531534549;3;;
735688531540139;36;;
735688531551782;6;;
735688531553322;1;;
735688531576551;2;;
735688531583009;3;;
735688531594178;32;;
735688531605810;6;;
735688531606493;1;;
735688531629711;2;;
735688531636215;3;;
735688531644317;31;;
735688531655949;6;;
735688531656690;1;;
735688531679908;2;;
735688531686262;3;;
735688531690949;36;;
735688531702581;6;;
735688531703229;1;;
735688531726447;2;;
735688531732801;3;;
735688531738866;36;;
735688531750509;6;;
735688531750938;1;;
735688531774155;2;;
735688531780602;3;;
735688531789005;35;;
735688531800648;6;;
735688531801551;1;;
735688531824780;2;;
735688531831227;3;;
735688531836007;31;;
735688531847650;6;;
735688531848160;1;;
735688531871366;2;;
735688531877870;3;;
735688531882824;31;;
735688531894456;6;;
735688531894965;1;;
735688531918195;2;;
735688531924745;3;;
735688531929074;36;;
735688531940718;6;;
735688531941447;1;;
735688531964676;2;;
735688531970949;3;;
735688531978299;35;;
735688531989931;6;;
735688531990451;1;;
735688532013669;2;;
735688532020208;3;;
735688532024340;36;;
735688532035984;6;;
735688532036551;1;;
735688532059769;2;;
735688532066100;3;;
735688532075417;32;;
735688532087049;6;;
735688532087651;1;;
735688532110880;2;;
735688532117407;3;;
735688532128704;32;;
735688532140336;6;;
735688532140868;1;;
735688532164097;2;;
735688532170613;3;;
735688532174595;31;;
735688532186227;6;;
735688532187199;1;;
735688532210417;2;;
735688532216783;3;;
735688532221030;31;;
735688532232674;6;;
735688532233252;1;;
735688532256470;2;;
735688532262928;3;;
735688532268958;31;;
735688532280590;6;;
735688532281100;1;;
735688532304306;2;;
735688532310579;3;;
735688532314294;36;;
735688532325926;6;;
735688532326482;1;;
735688532349711;2;;
735688532355995;3;;
735688532360729;36;;
735688532372373;6;;
735688532373056;1;;
735688532396285;2;;
735688532402558;3;;
735688532408102;31;;
735688532419745;6;;
735688532420614;1;;
735688532443843;2;;
735688532450394;3;;
735688532456215;32;;
735688532467847;6;;
735688532468646;1;;
735688532491875;2;;
735688532498333;3;;
735688532506169;35;;
735688532517801;6;;
735688532518727;1;;
735688532541944;2;;
735688532548357;3;;
735688532553171;31;;
735688532564803;6;;
735688532565752;1;;
735688532588993;2;;
735688532595266;3;;
735688532601829;36;;
735688532613461;6;;
735688532613935;1;;
735688532637141;2;;
735688532643495;3;;
735688532650127;31;;
735688532661759;6;;
735688532663241;1;;
735688532686458;2;;
735688532692813;3;;
735688532703970;35;;
735688532715602;6;;
735688532716840;1;;
735688532740081;2;;
735688532746539;3;;
735688532755590;31;;
735688532767222;6;;
735688532767940;1;;
735688532791157;2;;
735688532797616;3;;
735688532803322;31;;
735688532814965;6;;
735688532815880;1;;
735688532839109;2;;
735688532845660;3;;
735688532856238;32;;
735688532867882;6;;
735688532870127;1;;
735688532893345;2;;
735688532899722;3;;
735688532906019;31;;
735688532917650;6;;
735688532918194;1;;
735688532941412;2;;
735688532947940;3;;
735688532952095;36;;
735688532963727;6;;
735688532964340;1;;
735688532987546;2;;
735688532994086;3;;
735688532997789;36;;
735688533009433;6;;
735688533010891;1;;
735688533034132;2;;
735688533040394;3;;
735688533051262;35;;
735688533062905;6;;
735688533063588;1;;
735688533086806;2;;
735688533093137;3;;
735688533103264;35;;
735688533114896;6;;
735688533115405;1;;
735688533138623;2;;
735688533145174;3;;
735688533150069;36;;
735688533161713;6;;
735688533162245;1;;
735688533185475;2;;
735688533191979;3;;
735688533200035;36;;
735688533211667;6;;
735688533212407;1;;
735688533235660;2;;
735688533242060;3;;
735688533246100;31;;
735688533257743;6;;
735688533258391;1;;
735688533281620;2;;
735688533288160;3;;
735688533292176;31;;
735688533303820;6;;
735688533304838;1;;
735688533328067;2;;
735688533334433;3;;
735688533338252;31;;
735688533349884;6;;
735688533350683;1;;
735688533373912;2;;
735688533380266;3;;
735688533384329;36;;
735688533395961;6;;
735688533396678;1;;
735688533419908;2;;
735688533426401;3;;
735688533430208;36;;
735688533441863;6;;
735688533442431;1;;
735688533465648;2;;
735688533471944;3;;
735688533476655;32;;
735688533488299;6;;
735688533488912;1;;
735688533512130;2;;
735688533518646;3;;
735688533533646;32;;
735688533545278;6;;
735688533546759;1;;
735688533569977;2;;
735688533576412;3;;
735688533580266;31;;
735688533591910;6;;
735688533591956;66;;
