736556464475301;0;1,2,200,0,v5;
736556465386412;55;;
736556465398461;1;;
736556465421644;2;;
736556465427963;3;;
736556465451354;33;;
736556465462975;6;;
736556465463322;1;;
736556465486516;2;;
736556465492593;3;;
736556465524977;32;;
736556465536597;6;;
736556465537211;1;;
736556465560382;2;;
736556465566458;3;;
736556465581771;35;;
736556465593380;6;;
736556465593704;1;;
736556465616898;2;;
736556465623009;3;;
736556465646505;33;;
736556465658125;6;;
736556465658449;1;;
736556465681655;2;;
736556465687813;3;;
736556465734375;36;;
736556465746007;6;;
736556465746331;1;;
736556465769526;2;;
736556465775625;3;;
736556465784132;36;;
736556465795752;6;;
736556465796134;1;;
736556465819329;2;;
736556465825463;3;;
736556465845914;33;;
736556465857535;6;;
736556465857801;1;;
736556465880995;2;;
736556465887107;3;;
736556465892350;36;;
736556465903970;6;;
736556465904248;1;;
736556465927454;2;;
736556465933530;3;;
736556465940637;36;;
736556465952245;6;;
736556465952558;1;;
736556465975741;2;;
736556465981840;3;;
736556465987060;36;;
736556465998681;6;;
736556465998958;1;;
736556466022153;2;;
736556466028241;3;;
736556466042558;34;;
736556466054167;6;;
736556466054607;1;;
736556466077789;2;;
736556466083854;3;;
736556466152072;32;;
736556466163681;6;;
736556466164757;1;;
736556466187940;2;;
736556466194051;3;;
736556466199977;31;;
736556466211597;6;;
736556466211956;1;;
736556466235139;2;;
736556466241262;3;;
736556466246215;31;;
736556466257836;6;;
736556466258206;1;;
736556466281400;2;;
736556466287477;3;;
736556466363137;31;;
736556466374734;6;;
736556466375162;1;;
736556466398345;2;;
736556466404456;3;;
736556466416215;31;;
736556466427836;6;;
736556466428044;1;;
736556466451227;2;;
736556466457303;3;;
736556466462836;36;;
736556466474445;6;;
736556466474838;1;;
736556466498009;2;;
736556466504109;3;;
736556466544236;31;;
736556466555845;6;;
736556466556111;1;;
736556466579294;2;;
736556466585336;3;;
736556466595845;36;;
736556466607454;6;;
736556466607766;1;;
736556466630961;2;;
736556466637014;3;;
736556466647083;36;;
736556466658692;6;;
736556466658982;1;;
736556466682176;2;;
736556466688310;3;;
736556466722373;35;;
736556466733982;6;;
736556466734364;1;;
736556466757535;2;;
736556466763600;3;;
736556466822269;31;;
736556466833877;6;;
736556466834167;1;;
736556466857350;2;;
736556466863403;3;;
736556466884595;32;;
736556466896204;6;;
736556466896678;1;;
736556466919873;2;;
736556466925926;3;;
736556466962292;31;;
736556466973901;6;;
736556466974201;1;;
736556466997384;2;;
736556467003472;3;;
736556467024074;31;;
736556467035683;6;;
736556467036030;1;;
736556467059213;2;;
736556467065278;3;;
736556467084745;35;;
736556467096354;6;;
736556467097940;1;;
736556467121134;2;;
736556467127222;3;;
736556467182604;31;;
736556467194225;6;;
736556467194502;1;;
736556467217685;2;;
736556467223773;3;;
736556467234213;36;;
736556467245833;6;;
736556467246181;1;;
736556467269364;2;;
736556467275475;3;;
736556467279167;36;;
736556467290776;6;;
736556467291100;1;;
736556467314282;2;;
736556467320359;3;;
736556467330232;31;;
736556467341840;6;;
736556467343820;1;;
736556467366991;2;;
736556467373079;3;;
736556467379433;32;;
736556467391053;6;;
736556467391331;1;;
736556467414514;2;;
736556467420613;3;;
736556467426227;36;;
736556467437847;6;;
736556467438785;1;;
736556467461968;2;;
736556467468032;3;;
736556467485995;31;;
736556467497604;6;;
736556467498056;1;;
736556467521262;2;;
736556467527384;3;;
736556467534097;31;;
736556467545706;6;;
736556467546100;1;;
736556467569317;2;;
736556467575417;3;;
736556467628808;31;;
736556467640417;6;;
736556467640683;1;;
736556467663877;2;;
736556467669954;3;;
736556467675046;36;;
736556467686655;6;;
736556467687014;1;;
736556467710208;2;;
736556467716308;3;;
736556467721111;32;;
736556467732732;6;;
736556467733021;1;;
736556467756215;2;;
736556467762292;3;;
736556467766435;36;;
736556467778044;6;;
736556467778322;1;;
736556467801516;2;;
736556467807569;3;;
736556467858553;33;;
736556467870162;6;;
736556467870428;1;;
736556467893623;2;;
736556467899769;3;;
736556467931076;33;;
736556467942685;6;;
736556467943044;1;;
736556467966238;2;;
736556467972303;3;;
736556468091262;35;;
736556468102870;6;;
736556468103229;1;;
736556468126424;2;;
736556468132488;3;;
736556468138067;32;;
736556468149688;6;;
736556468150127;1;;
736556468173310;2;;
736556468179433;3;;
736556468189120;31;;
736556468200741;6;;
736556468201042;1;;
736556468224225;2;;
736556468230324;3;;
736556468233889;36;;
736556468245498;6;;
736556468245880;1;;
736556468269063;2;;
736556468275151;3;;
736556468304363;31;;
736556468315972;6;;
736556468316366;1;;
736556468339560;2;;
736556468345637;3;;
736556468389468;31;;
736556468401076;6;;
736556468401377;1;;
736556468424560;2;;
736556468430602;3;;
736556468440706;36;;
736556468452315;6;;
736556468452500;1;;
736556468475683;2;;
736556468481771;3;;
736556468488056;31;;
736556468499664;6;;
736556468499942;1;;
736556468523137;2;;
736556468529259;3;;
736556468553727;32;;
736556468565347;6;;
736556468565799;1;;
736556468588981;2;;
736556468595093;3;;
736556468641412;31;;
736556468653021;6;;
736556468653287;1;;
736556468676482;2;;
736556468682558;3;;
736556468749074;34;;
736556468760683;6;;
736556468761065;1;;
736556468784259;2;;
736556468790382;3;;
736556468805486;31;;
736556468817107;6;;
736556468817396;1;;
736556468840579;2;;
736556468846667;3;;
736556468863206;31;;
736556468874815;6;;
736556468875289;1;;
736556468898484;2;;
736556468904607;3;;
736556468918877;34;;
736556468930498;6;;
736556468930787;1;;
736556468953982;2;;
736556468960035;3;;
736556468964213;36;;
736556468975822;6;;
736556468976019;1;;
736556468999201;2;;
736556469005255;3;;
736556469016007;36;;
736556469027616;6;;
736556469028079;1;;
736556469051250;2;;
736556469057373;3;;
736556469140498;31;;
736556469152118;6;;
736556469152350;1;;
736556469175521;2;;
736556469181597;3;;
736556469201366;31;;
736556469212975;6;;
736556469213322;1;;
736556469236516;2;;
736556469242604;3;;
736556469247234;32;;
736556469258843;6;;
736556469259306;1;;
736556469282500;2;;
736556469288553;3;;
736556469307720;33;;
736556469319340;6;;
736556469319618;1;;
736556469342801;2;;
736556469348924;3;;
736556469391528;32;;
736556469403137;6;;
736556469403438;1;;
736556469426620;2;;
736556469432674;3;;
736556469467176;35;;
736556469478796;6;;
736556469479120;1;;
736556469502303;2;;
736556469508368;3;;
736556469512685;31;;
736556469524294;6;;
736556469524653;1;;
736556469547859;2;;
736556469553958;3;;
736556469565046;31;;
736556469576655;6;;
736556469576956;1;;
736556469600139;2;;
736556469606238;3;;
736556469626262;31;;
736556469637882;6;;
736556469638206;1;;
736556469661389;2;;
736556469667489;3;;
736556469713021;32;;
736556469724630;6;;
736556469724965;1;;
736556469748171;2;;
736556469754294;3;;
736556469802558;32;;
736556469814178;6;;
736556469814456;1;;
736556469837639;2;;
736556469843727;3;;
736556469849734;36;;
736556469861343;6;;
736556469861609;1;;
736556469884803;2;;
736556469890914;3;;
736556469898009;36;;
736556469909630;6;;
736556469909850;1;;
736556469933032;2;;
736556469939097;3;;
736556469972755;34;;
736556469984363;6;;
736556469985301;1;;
736556470008484;2;;
736556470014583;3;;
736556470020660;31;;
736556470032280;6;;
736556470032732;1;;
736556470055914;2;;
736556470061979;3;;
736556470125359;32;;
736556470136979;6;;
736556470137338;1;;
736556470160521;2;;
736556470166644;3;;
736556470190671;31;;
736556470202280;6;;
736556470202616;1;;
736556470225799;2;;
736556470231887;3;;
736556470277789;31;;
736556470289410;6;;
736556470289745;1;;
736556470312940;2;;
736556470318982;3;;
736556470329780;36;;
736556470341389;6;;
736556470341771;1;;
736556470364977;2;;
736556470371100;3;;
736556470378993;31;;
736556470390602;6;;
736556470390938;1;;
736556470414167;2;;
736556470420232;3;;
736556470431713;31;;
736556470443322;6;;
736556470443681;1;;
736556470466864;2;;
736556470472917;3;;
736556470479803;34;;
736556470491424;6;;
736556470492431;1;;
736556470515625;2;;
736556470521690;3;;
736556470575081;31;;
736556470586690;6;;
736556470586991;1;;
736556470610174;2;;
736556470616273;3;;
736556470645000;34;;
736556470656620;6;;
736556470656887;1;;
736556470680069;2;;
736556470686204;3;;
736556470704931;33;;
736556470716551;6;;
736556470716968;1;;
736556470740150;2;;
736556470746204;3;;
736556470820741;35;;
736556470832361;6;;
736556470832697;1;;
736556470855880;2;;
736556470861945;3;;
736556470868472;31;;
736556470880081;6;;
736556470880498;1;;
736556470903681;2;;
736556470909826;3;;
736556470952072;32;;
736556470963704;6;;
736556470964120;1;;
736556470987303;2;;
736556470993380;3;;
736556471001285;31;;
736556471012905;6;;
736556471013264;1;;
736556471036447;2;;
736556471042546;3;;
736556471046794;31;;
736556471058403;6;;
736556471058681;1;;
736556471081863;2;;
736556471087963;3;;
736556471093218;36;;
736556471104838;6;;
736556471105174;1;;
736556471128345;2;;
736556471134468;3;;
736556471184051;35;;
736556471195671;6;;
736556471196053;1;;
736556471219248;2;;
736556471225336;3;;
736556471265440;33;;
736556471277060;6;;
736556471277338;1;;
736556471300509;2;;
736556471306597;3;;
736556471315197;36;;
736556471326817;6;;
736556471327083;1;;
736556471350278;2;;
736556471356354;3;;
736556471369039;32;;
736556471380648;6;;
736556471380926;1;;
736556471404109;2;;
736556471410220;3;;
736556471433229;32;;
736556471444838;6;;
736556471445857;1;;
736556471469039;2;;
736556471475104;3;;
736556471481134;31;;
736556471492755;6;;
736556471493750;1;;
736556471516933;2;;
736556471523032;3;;
736556471606945;31;;
736556471618553;6;;
736556471619039;1;;
736556471642234;2;;
736556471648357;3;;
736556471654109;31;;
736556471665718;6;;
736556471666146;1;;
736556471689340;2;;
736556471695440;3;;
736556471745857;32;;
736556471757465;6;;
736556471757708;1;;
736556471780903;2;;
736556471786991;3;;
736556471795069;36;;
736556471806690;6;;
736556471806968;1;;
736556471830162;2;;
736556471836215;3;;
736556471847604;31;;
736556471859225;6;;
736556471859468;1;;
736556471882662;2;;
736556471888692;3;;
736556471925116;31;;
736556471936725;6;;
736556471937118;1;;
736556471960313;2;;
736556471966435;3;;
736556471989676;31;;
736556472001296;6;;
736556472001308;66;;
