734619545234965;0;2,2,200,v3;
734619545318310;55;;
734619545330822;1;;
734619545342419;2;;
734619545348206;3;;
734619545386690;36;;
734619545398287;6;;
734619545399907;1;;
734619545411493;2;;
734619545417292;3;;
734619545425058;36;;
734619545436644;6;;
734619545437928;1;;
734619545449514;2;;
734619545455313;3;;
734619545457743;31;;
734619545469329;6;;
734619545470382;1;;
734619545481968;2;;
734619545487766;3;;
734619545542593;36;;
734619545554294;6;;
734619545555104;1;;
734619545566702;2;;
734619545572489;3;;
734619545586748;36;;
734619545598461;6;;
734619545599618;1;;
734619545611204;2;;
734619545617002;3;;
734619545801065;31;;
734619545812766;6;;
734619545814039;1;;
734619545825752;2;;
734619545831539;3;;
734619545836759;31;;
734619545848357;6;;
734619545849051;1;;
734619545860637;2;;
734619545866435;3;;
734619545875359;36;;
734619545886944;6;;
734619545888345;1;;
734619545899931;2;;
734619545905729;3;;
734619545920336;36;;
734619545931921;6;;
734619545932500;1;;
734619545944201;2;;
734619545950000;3;;
734619545964028;36;;
734619545975613;6;;
734619545976667;1;;
734619545988252;2;;
734619545994051;3;;
734619546010625;31;;
734619546022211;6;;
734619546023368;1;;
734619546034965;2;;
734619546040752;3;;
734619546105313;33;;
734619546116910;6;;
734619546117951;1;;
734619546129537;2;;
734619546135336;3;;
734619546149479;36;;
734619546161065;6;;
734619546161887;1;;
734619546173472;2;;
734619546179271;3;;
734619546189236;31;;
734619546200938;6;;
734619546201516;1;;
734619546213114;2;;
734619546218912;3;;
734619546232581;36;;
734619546244178;6;;
734619546245104;1;;
734619546256806;2;;
734619546262604;3;;
734619546299236;33;;
734619546310822;6;;
734619546311864;1;;
734619546323461;2;;
734619546329248;3;;
734619546338403;33;;
734619546350000;6;;
734619546350810;1;;
734619546362396;2;;
734619546368194;3;;
734619546373993;33;;
734619546385579;6;;
734619546386736;1;;
734619546398333;2;;
734619546404132;3;;
734619546420475;36;;
734619546432060;6;;
734619546433102;1;;
734619546444815;2;;
734619546450602;3;;
734619546453854;36;;
734619546465440;6;;
734619546466482;1;;
734619546478079;2;;
734619546483877;3;;
734619546487581;36;;
734619546499282;6;;
734619546499988;1;;
734619546511574;2;;
734619546517373;3;;
734619546520961;36;;
734619546532558;6;;
734619546533252;1;;
734619546544838;2;;
734619546550637;3;;
734619546570451;33;;
734619546582049;6;;
734619546583090;1;;
734619546594676;2;;
734619546600475;3;;
734619546626898;34;;
734619546638495;6;;
734619546639537;1;;
734619546651123;2;;
734619546656921;3;;
734619546669444;34;;
734619546681030;6;;
734619546682072;1;;
734619546693669;2;;
734619546699456;3;;
734619546702824;36;;
734619546714525;6;;
734619546715683;1;;
734619546727280;2;;
734619546733067;3;;
734619546777118;34;;
734619546788704;6;;
734619546789873;1;;
734619546801458;2;;
734619546807257;3;;
734619546823252;33;;
734619546834954;6;;
734619546836111;1;;
734619546847708;2;;
734619546853495;3;;
734619546858600;31;;
734619546870197;6;;
734619546870776;1;;
734619546882477;2;;
734619546888275;3;;
734619546894537;31;;
734619546906123;6;;
734619546907164;1;;
734619546918762;2;;
734619546924549;3;;
734619546976250;33;;
734619546987836;6;;
734619546988993;1;;
734619547000590;2;;
734619547006377;3;;
734619547037442;33;;
734619547049039;6;;
734619547050197;1;;
734619547061783;2;;
734619547067581;3;;
734619547076736;33;;
734619547088333;6;;
734619547089607;1;;
734619547101192;2;;
734619547106991;3;;
734619547110579;31;;
734619547122292;6;;
734619547123333;1;;
734619547134919;2;;
734619547140718;3;;
734619547146979;36;;
734619547158565;6;;
734619547159375;1;;
734619547171088;2;;
734619547176887;3;;
734619547201111;31;;
734619547212697;6;;
734619547213854;1;;
734619547225452;2;;
734619547231239;3;;
734619547234607;31;;
734619547246308;6;;
734619547246887;1;;
734619547258484;2;;
734619547264271;3;;
734619547269375;36;;
734619547280972;6;;
734619547281667;1;;
734619547293252;2;;
734619547299051;3;;
734619547304607;36;;
734619547316319;6;;
734619547317014;1;;
734619547328715;2;;
734619547334514;3;;
734619547338692;36;;
734619547350278;6;;
734619547350972;1;;
734619547362685;2;;
734619547368472;3;;
734619547397801;33;;
734619547409398;6;;
734619547410556;1;;
734619547422141;2;;
734619547427940;3;;
734619547436169;33;;
734619547447755;6;;
734619547448912;1;;
734619547460509;2;;
734619547466308;3;;
734619547473368;36;;
734619547484965;6;;
734619547486123;1;;
734619547497708;2;;
734619547503507;3;;
734619547509190;33;;
734619547520776;6;;
734619547521933;1;;
734619547533646;2;;
734619547539444;3;;
734619547543843;33;;
734619547555556;6;;
734619547556597;1;;
734619547568299;2;;
734619547574097;3;;
734619547580359;36;;
734619547591945;6;;
734619547592986;1;;
734619547604699;2;;
734619547610486;3;;
734619547613970;36;;
734619547625556;6;;
734619547626482;1;;
734619547638079;2;;
734619547643877;3;;
734619547657778;35;;
734619547669375;6;;
734619547670185;1;;
734619547681771;2;;
734619547687569;3;;
734619547706111;34;;
734619547717708;6;;
734619547718634;1;;
734619547730336;2;;
734619547736134;3;;
734619547740428;34;;
734619547752014;6;;
734619547752477;1;;
734619547764074;2;;
734619547769861;3;;
734619547773114;36;;
734619547784815;6;;
734619547785857;1;;
734619547797454;2;;
734619547803241;3;;
734619547823646;33;;
734619547835232;6;;
734619547836285;1;;
734619547847870;2;;
734619547853669;3;;
734619547905706;33;;
734619547917303;6;;
734619547918576;1;;
734619547930162;2;;
734619547935961;3;;
734619547936192;36;;
734619547947778;6;;
734619547948472;1;;
734619547960070;2;;
734619547965868;3;;
734619547972940;33;;
734619547984641;6;;
734619547985914;1;;
734619547997512;2;;
734619548003299;3;;
734619548031354;31;;
734619548042940;6;;
734619548043634;1;;
734619548055232;2;;
734619548061019;3;;
734619548102060;33;;
734619548113762;6;;
734619548114456;1;;
734619548126053;2;;
734619548131840;3;;
734619548136829;36;;
734619548148530;6;;
734619548149109;1;;
734619548160706;2;;
734619548166505;3;;
734619548227118;33;;
734619548238715;6;;
734619548239757;1;;
734619548251458;2;;
734619548257257;3;;
734619548294688;33;;
734619548306400;6;;
734619548307674;1;;
734619548319271;2;;
734619548325058;3;;
734619548333750;34;;
734619548345347;6;;
734619548346389;1;;
734619548357975;2;;
734619548363773;3;;
734619548370382;34;;
734619548382083;6;;
734619548383241;1;;
734619548394954;2;;
734619548400752;3;;
734619548404572;33;;
734619548416169;6;;
734619548417095;1;;
734619548428796;2;;
734619548434595;3;;
734619548441435;34;;
734619548453021;6;;
734619548454178;1;;
734619548465891;2;;
734619548471678;3;;
734619548492083;33;;
734619548503785;6;;
734619548504607;1;;
734619548516192;2;;
734619548521991;3;;
734619548525926;36;;
734619548537639;6;;
734619548538681;1;;
734619548550266;2;;
734619548556065;3;;
734619548565914;31;;
734619548577512;6;;
734619548578553;1;;
734619548590139;2;;
734619548595938;3;;
734619548598947;31;;
734619548610544;6;;
734619548611701;1;;
734619548623287;2;;
734619548629086;3;;
734619548633727;36;;
734619548645313;6;;
734619548646354;1;;
734619548658067;2;;
734619548663854;3;;
734619548671273;36;;
734619548682986;6;;
734619548683796;1;;
734619548695382;2;;
734619548701181;3;;
734619548707211;31;;
734619548718796;6;;
734619548719838;1;;
734619548731435;2;;
734619548737222;3;;
734619548785671;31;;
734619548797384;6;;
734619548798194;1;;
734619548809780;2;;
734619548815579;3;;
734619548820914;36;;
734619548832500;6;;
734619548833194;1;;
734619548844792;2;;
734619548850590;3;;
734619548854757;36;;
734619548866470;6;;
734619548867280;1;;
734619548878866;2;;
734619548884664;3;;
734619548888368;36;;
734619548899965;6;;
734619548901007;1;;
734619548912593;2;;
734619548918391;3;;
734619548926389;36;;
734619548937975;6;;
734619548939144;1;;
734619548950729;2;;
734619548956528;3;;
734619548960347;35;;
734619548972060;6;;
734619548973218;1;;
734619548984919;2;;
734619548990718;3;;
734619548996285;33;;
734619549007870;6;;
734619549009028;1;;
734619549020625;2;;
734619549026412;3;;
734619549050289;34;;
734619549061887;6;;
734619549063276;1;;
734619549074861;2;;
734619549080660;3;;
734619549086111;34;;
734619549097697;6;;
734619549098739;1;;
734619549110336;2;;
734619549116134;3;;
734619549122153;36;;
734619549133750;6;;
734619549134676;1;;
734619549146262;2;;
734619549152060;3;;
734619549159363;34;;
734619549170949;6;;
734619549171644;1;;
734619549183241;2;;
734619549189039;3;;
734619549209664;33;;
734619549221262;6;;
734619549222419;1;;
734619549234005;2;;
734619549239803;3;;
734619549256725;31;;
734619549268426;6;;
734619549269132;1;;
734619549280718;2;;
734619549286516;3;;
734619549289294;31;;
734619549300880;6;;
734619549301586;1;;
734619549313287;2;;
734619549319086;3;;
734619549321864;36;;
734619549333461;6;;
734619549334618;1;;
734619549346319;2;;
734619549352118;3;;
734619549373912;31;;
734619549385498;6;;
734619549386655;1;;
734619549398252;2;;
734619549404039;3;;
734619549410417;36;;
734619549422014;6;;
734619549423287;1;;
734619549434873;2;;
734619549440671;3;;
734619549454583;36;;
734619549466169;6;;
734619549466863;1;;
734619549478576;2;;
734619549484363;3;;
734619549486921;36;;
734619549498507;6;;
734619549498970;1;;
734619549510567;2;;
734619549516354;3;;
734619549529456;35;;
734619549541042;6;;
734619549542789;1;;
734619549554375;2;;
734619549560174;3;;
734619549563414;35;;
734619549575012;6;;
734619549576053;1;;
734619549587755;2;;
734619549593553;3;;
734619549627627;31;;
734619549639225;6;;
734619549640151;1;;
734619549651736;2;;
734619549657535;3;;
734619549668079;35;;
734619549679676;6;;
734619549680370;1;;
734619549691956;2;;
734619549697755;3;;
734619549724641;33;;
734619549736238;6;;
734619549736933;1;;
734619549748519;2;;
734619549754317;3;;
734619549760463;34;;
734619549772049;6;;
734619549772975;1;;
734619549784688;2;;
734619549790475;3;;
734619549802651;31;;
734619549814352;6;;
734619549815278;1;;
734619549826875;2;;
734619549832674;3;;
734619549836609;31;;
734619549848195;6;;
734619549849363;1;;
734619549861065;2;;
734619549866863;3;;
734619549871840;31;;
734619549883553;6;;
734619549884595;1;;
734619549896181;2;;
734619549901979;3;;
734619549943704;34;;
734619549955417;6;;
734619549955417;66;;
