735214658407558;0;1,2,200,0,v4;
735214658555104;55;;
735214658567847;1;;
735214658591030;2;;
735214658596829;3;;
735214658637512;31;;
735214658649109;6;;
735214658649919;1;;
735214658673102;2;;
735214658678889;3;;
735214658695347;31;;
735214658707060;6;;
735214658708102;1;;
735214658731285;2;;
735214658737083;3;;
735214658746354;31;;
735214658757940;6;;
735214658758634;1;;
735214658781817;2;;
735214658787616;3;;
735214658794456;31;;
735214658806042;6;;
735214658806736;1;;
735214658829919;2;;
735214658835718;3;;
735214658849630;36;;
735214658861331;6;;
735214658862026;1;;
735214658885324;2;;
735214658891123;3;;
735214658929479;31;;
735214658941076;6;;
735214658942002;1;;
735214658965185;2;;
735214658970984;3;;
735214658986864;36;;
735214658998449;6;;
735214658999259;1;;
735214659022442;2;;
735214659028241;3;;
735214659046898;36;;
735214659058600;6;;
735214659059421;1;;
735214659082708;2;;
735214659088507;3;;
735214659094884;36;;
735214659106470;6;;
735214659107292;1;;
735214659130463;2;;
735214659136262;3;;
735214659192245;35;;
735214659203843;6;;
735214659204653;1;;
735214659227824;2;;
735214659233623;3;;
735214659248576;36;;
735214659260174;6;;
735214659261215;1;;
735214659284398;2;;
735214659290185;3;;
735214659320903;31;;
735214659332488;6;;
735214659333542;1;;
735214659356725;2;;
735214659362512;3;;
735214659398912;35;;
735214659410498;6;;
735214659411308;1;;
735214659434491;2;;
735214659440289;3;;
735214659452685;31;;
735214659464283;6;;
735214659465093;1;;
735214659488275;2;;
735214659494074;3;;
735214659522928;31;;
735214659534526;6;;
735214659535336;1;;
735214659558519;2;;
735214659564306;3;;
735214659606389;31;;
735214659617975;6;;
735214659618438;1;;
735214659641620;2;;
735214659647419;3;;
735214659711516;36;;
735214659723102;6;;
735214659723912;1;;
735214659747095;2;;
735214659752894;3;;
735214659758449;31;;
735214659770046;6;;
735214659770857;1;;
735214659794039;2;;
735214659799838;3;;
735214659813854;36;;
735214659825452;6;;
735214659826146;1;;
735214659849329;2;;
735214659855116;3;;
735214659859988;31;;
735214659871574;6;;
735214659872280;1;;
735214659895451;2;;
735214659901250;3;;
735214659913889;36;;
735214659925590;6;;
735214659926632;1;;
735214659949815;2;;
735214659955613;3;;
735214660003831;36;;
735214660015417;6;;
735214660016227;1;;
735214660039410;2;;
735214660045208;3;;
735214660051354;36;;
735214660063056;6;;
735214660063981;1;;
735214660087280;2;;
735214660093079;3;;
735214660098299;31;;
735214660109884;6;;
735214660110579;1;;
735214660133762;2;;
735214660139560;3;;
735214660152188;31;;
735214660163785;6;;
735214660164595;1;;
735214660187778;2;;
735214660193565;3;;
735214660199479;31;;
735214660211192;6;;
735214660212002;1;;
735214660235185;2;;
735214660240972;3;;
735214660245961;36;;
735214660257546;6;;
735214660258368;1;;
735214660281539;2;;
735214660287338;3;;
735214660293715;31;;
735214660305301;6;;
735214660306111;1;;
735214660329294;2;;
735214660335093;3;;
735214660341701;36;;
735214660353287;6;;
735214660353866;1;;
735214660377049;2;;
735214660382847;3;;
735214660387951;31;;
735214660399653;6;;
735214660400579;1;;
735214660423762;2;;
735214660429560;3;;
735214660463982;32;;
735214660475579;6;;
735214660476273;1;;
735214660499445;2;;
735214660505243;3;;
735214660510347;36;;
735214660521933;6;;
735214660523090;1;;
735214660546273;2;;
735214660552072;3;;
735214660559028;31;;
735214660570729;6;;
735214660571771;1;;
735214660595069;2;;
735214660600868;3;;
735214660609097;31;;
735214660620694;6;;
735214660621736;1;;
735214660644919;2;;
735214660650706;3;;
735214660679340;36;;
735214660690926;6;;
735214660691620;1;;
735214660714919;2;;
735214660720718;3;;
735214660728021;36;;
735214660739722;6;;
735214660740764;1;;
735214660763947;2;;
735214660769745;3;;
735214660782269;31;;
735214660793970;6;;
735214660795012;1;;
735214660818194;2;;
735214660823993;3;;
735214660832222;31;;
735214660843808;6;;
735214660844618;1;;
735214660867801;2;;
735214660873600;3;;
735214660878935;36;;
735214660890521;6;;
735214660891331;1;;
735214660914514;2;;
735214660920313;3;;
735214660935729;31;;
735214660947315;6;;
735214660948125;1;;
735214660971308;2;;
735214660977106;3;;
735214660984178;36;;
735214660995764;6;;
735214660996690;1;;
735214661019989;2;;
735214661025787;3;;
735214661031123;31;;
735214661042708;6;;
735214661043750;1;;
735214661066933;2;;
735214661072732;3;;
735214661104954;36;;
735214661116655;6;;
735214661117465;1;;
735214661140648;2;;
735214661146447;3;;
735214661150614;36;;
735214661162326;6;;
735214661163137;1;;
735214661186319;2;;
735214661192118;3;;
735214661198947;36;;
735214661210660;6;;
735214661211586;1;;
735214661234884;2;;
735214661240683;3;;
735214661246354;31;;
735214661258067;6;;
735214661258877;1;;
735214661282060;2;;
735214661287847;3;;
735214661309294;36;;
735214661320891;6;;
735214661321238;1;;
735214661344410;2;;
735214661350208;3;;
735214661356586;36;;
735214661368171;6;;
735214661368866;1;;
735214661392164;2;;
735214661397963;3;;
735214661414537;36;;
735214661426134;6;;
735214661427176;1;;
735214661450359;2;;
735214661456146;3;;
735214661461134;31;;
735214661472720;6;;
735214661473414;1;;
735214661496713;2;;
735214661502512;3;;
735214661513877;36;;
735214661525579;6;;
735214661526273;1;;
735214661549456;2;;
735214661555255;3;;
735214661563137;31;;
735214661574722;6;;
735214661575532;1;;
735214661598715;2;;
735214661604514;3;;
735214661610417;36;;
735214661622014;6;;
735214661622824;1;;
735214661646007;2;;
735214661651806;3;;
735214661671736;36;;
735214661683449;6;;
735214661684259;1;;
735214661707442;2;;
735214661713229;3;;
735214661722384;36;;
735214661733982;6;;
735214661734445;1;;
735214661757627;2;;
735214661763426;3;;
735214661791470;36;;
735214661803056;6;;
735214661804225;1;;
735214661827396;2;;
735214661833194;3;;
735214661833194;31;;
735214661844792;6;;
735214661845139;1;;
735214661868322;2;;
735214661874109;3;;
735214661878403;31;;
735214661889989;6;;
735214661890567;1;;
735214661913750;2;;
735214661919549;3;;
735214661922095;36;;
735214661933808;6;;
735214661934618;1;;
735214661957801;2;;
735214661963588;3;;
735214661968345;31;;
735214661979931;6;;
735214661980752;1;;
735214662003924;2;;
735214662009722;3;;
735214662027107;31;;
735214662038704;6;;
735214662039398;1;;
735214662062697;2;;
735214662068484;3;;
735214662072894;36;;
735214662084479;6;;
735214662085289;1;;
735214662108472;2;;
735214662114271;3;;
735214662117280;31;;
735214662128993;6;;
735214662129688;1;;
735214662152870;2;;
735214662158669;3;;
735214662172107;36;;
735214662183704;6;;
735214662184745;1;;
735214662207928;2;;
735214662213715;3;;
735214662218241;31;;
735214662229827;6;;
735214662230648;1;;
735214662253819;2;;
735214662259618;3;;
735214662264144;31;;
735214662275729;6;;
735214662276771;1;;
735214662299954;2;;
735214662305752;3;;
735214662311088;31;;
735214662322674;6;;
735214662323484;1;;
735214662346667;2;;
735214662352465;3;;
735214662357326;36;;
735214662368924;6;;
735214662369618;1;;
735214662392801;2;;
735214662398588;3;;
735214662404039;36;;
735214662415637;6;;
735214662416100;1;;
735214662439387;2;;
735214662445185;3;;
735214662453299;36;;
735214662464896;6;;
735214662465706;1;;
735214662488889;2;;
735214662494676;3;;
735214662499433;31;;
735214662511019;6;;
735214662511956;1;;
735214662535243;2;;
735214662541042;3;;
735214662545451;36;;
735214662557037;6;;
735214662557963;1;;
735214662581146;2;;
735214662586944;3;;
735214662593322;36;;
735214662604907;6;;
735214662605718;1;;
735214662628901;2;;
735214662634699;3;;
735214662639445;36;;
735214662651042;6;;
735214662651736;1;;
735214662674919;2;;
735214662680706;3;;
735214662691377;31;;
735214662702963;6;;
735214662703542;1;;
735214662726725;2;;
735214662732523;3;;
735214662732986;31;;
735214662744572;6;;
735214662745625;1;;
735214662768912;2;;
735214662774711;3;;
735214662779005;36;;
735214662790590;6;;
735214662791632;1;;
735214662814815;2;;
735214662820614;3;;
735214662836956;36;;
735214662848542;6;;
735214662849236;1;;
735214662872419;2;;
735214662878218;3;;
735214662895139;31;;
735214662906736;6;;
735214662907546;1;;
735214662930729;2;;
735214662936516;3;;
735214662963299;31;;
735214662974884;6;;
735214662975347;1;;
735214662998530;2;;
735214663004329;3;;
735214663012326;36;;
735214663024028;6;;
735214663025069;1;;
735214663048252;2;;
735214663054051;3;;
735214663096123;31;;
735214663107720;6;;
735214663108762;1;;
735214663131945;2;;
735214663137732;3;;
735214663143183;31;;
735214663154884;6;;
735214663155938;1;;
735214663179109;2;;
735214663184907;3;;
735214663192674;31;;
735214663204271;6;;
735214663204965;1;;
735214663228137;2;;
735214663233935;3;;
735214663240428;36;;
735214663252130;6;;
735214663253299;1;;
735214663276470;2;;
735214663282269;3;;
735214663287373;31;;
735214663298958;6;;
735214663299769;1;;
735214663322951;2;;
735214663328750;3;;
735214663336632;36;;
735214663348218;6;;
735214663349028;1;;
735214663372211;2;;
735214663378009;3;;
735214663380556;36;;
735214663392153;6;;
735214663392963;1;;
735214663416146;2;;
735214663421945;3;;
735214663441991;31;;
735214663453704;6;;
735214663454514;1;;
735214663477685;2;;
735214663483484;3;;
735214663489282;36;;
735214663500868;6;;
735214663501678;1;;
735214663524861;2;;
735214663530660;3;;
735214663536574;36;;
735214663548276;6;;
735214663549086;1;;
735214663572269;2;;
735214663578067;3;;
735214663581887;36;;
735214663593484;6;;
735214663594525;1;;
735214663617824;2;;
735214663623623;3;;
735214663627905;31;;
735214663639502;6;;
735214663640081;1;;
735214663663264;2;;
735214663669051;3;;
735214663676586;31;;
735214663688183;6;;
735214663689225;1;;
735214663712408;2;;
735214663718195;3;;
735214663744167;36;;
735214663755868;6;;
735214663757026;1;;
735214663780208;2;;
735214663786007;3;;
735214663795857;36;;
735214663807442;6;;
735214663807917;1;;
735214663831088;2;;
735214663836887;3;;
735214663841875;36;;
735214663853461;6;;
735214663854271;1;;
735214663877454;2;;
735214663883252;3;;
735214663888819;36;;
735214663900521;6;;
735214663901215;1;;
735214663924398;2;;
735214663930197;3;;
735214663936100;36;;
735214663947697;6;;
735214663948739;1;;
735214663972037;2;;
735214663977836;3;;
735214663984664;31;;
735214663996262;6;;
735214663996262;66;;
