735217577145949;0;2,2,200,0,v4;
735217577519988;55;;
735217577535174;1;;
735217577558357;2;;
735217577564144;3;;
735217577613750;36;;
735217577625347;6;;
735217577626273;1;;
735217577649456;2;;
735217577655255;3;;
735217577684688;36;;
735217577696285;6;;
735217577697326;1;;
735217577720625;2;;
735217577726412;3;;
735217577760845;35;;
735217577772546;6;;
735217577773357;1;;
735217577796539;2;;
735217577802338;3;;
735217577822963;36;;
735217577834676;6;;
735217577835139;1;;
735217577858438;2;;
735217577864236;3;;
735217577888229;36;;
735217577899815;6;;
735217577900741;1;;
735217577923924;2;;
735217577929722;3;;
735217577958808;35;;
735217577970405;6;;
735217577971563;1;;
735217577994745;2;;
735217578000544;3;;
735217578015486;35;;
735217578027199;6;;
735217578027662;1;;
735217578050845;2;;
735217578056644;3;;
735217578066030;36;;
735217578077732;6;;
735217578078657;1;;
735217578101840;2;;
735217578107639;3;;
735217590845741;34;;
735217590857454;6;;
735217590857801;1;;
735217590880984;2;;
735217590886782;3;;
735217590906019;36;;
735217590917720;6;;
735217590921667;1;;
735217590944850;2;;
735217590950637;3;;
735217590956551;36;;
735217590968148;6;;
735217590969306;1;;
735217590992488;2;;
735217590998276;3;;
735217591003843;31;;
735217591015428;6;;
735217591016250;1;;
735217591039421;2;;
735217591045220;3;;
735217591054838;36;;
735217591066435;6;;
735217591067477;1;;
735217591090660;2;;
735217591096458;3;;
735217591120683;35;;
735217591132384;6;;
735217591132847;1;;
735217591156030;2;;
735217591161829;3;;
735217591165995;36;;
735217591177593;6;;
735217591178634;1;;
735217591201817;2;;
735217591207604;3;;
735217591209005;31;;
735217591220590;6;;
735217591221400;1;;
735217591244583;2;;
735217591250382;3;;
735217591251076;36;;
735217591262778;6;;
735217591263357;1;;
735217591286539;2;;
735217591292338;3;;
735217591296968;35;;
735217591308565;6;;
735217591309375;1;;
735217591332674;2;;
735217591338472;3;;
735217591358750;35;;
735217591370347;6;;
735217591371158;1;;
735217591394340;2;;
735217591400127;3;;
735217591419491;35;;
735217591431192;6;;
735217591431771;1;;
735217591454954;2;;
735217591460752;3;;
735217591467014;35;;
735217591478600;6;;
735217591482431;1;;
735217591505602;2;;
735217591511400;3;;
735217591517083;36;;
735217591528669;6;;
735217591529132;1;;
735217591552315;2;;
735217591558114;3;;
735217591563449;36;;
735217591575035;6;;
735217591575961;1;;
735217591599144;2;;
735217591604942;3;;
735217591609688;36;;
735217591621285;6;;
735217591622095;1;;
735217591645278;2;;
735217591651065;3;;
735217591668576;35;;
735217591680278;6;;
735217591681319;1;;
735217591704502;2;;
735217591710301;3;;
735217591732905;35;;
735217591744607;6;;
735217591745532;1;;
735217591768715;2;;
735217591774514;3;;
735217591778565;35;;
735217591790278;6;;
735217591791088;1;;
735217591814387;2;;
735217591820174;3;;
735217591824699;35;;
735217591836285;6;;
735217591837222;1;;
735217591860394;2;;
735217591866192;3;;
735217591872685;35;;
735217591884271;6;;
735217591884850;1;;
735217591908032;2;;
735217591913831;3;;
735217591927049;35;;
735217591938634;6;;
735217591939444;1;;
735217591962627;2;;
735217591968426;3;;
735217591974688;36;;
735217591986273;6;;
735217591987199;1;;
735217592010498;2;;
735217592016296;3;;
735217592022211;35;;
735217592033796;6;;
735217592034954;1;;
735217592058137;2;;
735217592063935;3;;
735217592095000;32;;
735217592106586;6;;
735217592107627;1;;
735217592130810;2;;
735217592136609;3;;
735217592149005;36;;
735217592160718;6;;
735217592161528;1;;
735217592184711;2;;
735217592190498;3;;
735217592198380;35;;
735217592209977;6;;
735217592210787;1;;
735217592233970;2;;
735217592239769;3;;
735217592247303;36;;
735217592258889;6;;
735217592260046;1;;
735217592283229;2;;
735217592289028;3;;
735217592332488;35;;
735217592344201;6;;
735217592344549;1;;
735217592367720;2;;
735217592373519;3;;
735217592380127;36;;
735217592391829;6;;
735217592392535;1;;
735217592415706;2;;
735217592421505;3;;
735217592427651;36;;
735217592439236;6;;
735217592439699;1;;
735217592462998;2;;
735217592468796;3;;
735217592485370;36;;
735217592496968;6;;
735217592497431;1;;
735217592520718;2;;
735217592526516;3;;
735217592547269;31;;
735217592558854;6;;
735217592560012;1;;
735217592583310;2;;
735217592589109;3;;
735217592601157;35;;
735217592612755;6;;
735217592613565;1;;
735217592636864;2;;
735217592642662;3;;
735217592648796;35;;
735217592660394;6;;
735217592661551;1;;
735217592684850;2;;
735217592690648;3;;
735217592714178;32;;
735217592725764;6;;
735217592726921;1;;
735217592750104;2;;
735217592755903;3;;
735217592761806;35;;
735217592773403;6;;
735217592774213;1;;
735217592797396;2;;
735217592803194;3;;
735217592807593;35;;
735217592819190;6;;
735217592820116;1;;
735217592843299;2;;
735217592849086;3;;
735217592853958;35;;
735217592865544;6;;
735217592866586;1;;
735217592889769;2;;
735217592895567;3;;
735217592902292;35;;
735217592913877;6;;
735217592914572;1;;
735217592937755;2;;
735217592943553;3;;
735217592956771;36;;
735217592968472;6;;
735217592969398;1;;
735217592992581;2;;
735217592998380;3;;
735217593045440;32;;
735217593057026;6;;
735217593057489;1;;
735217593080671;2;;
735217593086470;3;;
735217593141065;35;;
735217593152766;6;;
735217593153808;1;;
735217593176991;2;;
735217593182789;3;;
735217593195880;35;;
735217593207593;6;;
735217593208634;1;;
735217593231817;2;;
735217593237616;3;;
735217593245266;35;;
735217593256852;6;;
735217593257315;1;;
735217593280498;2;;
735217593286296;3;;
735217593293484;36;;
735217593305070;6;;
735217593305764;1;;
735217593328947;2;;
735217593334745;3;;
735217593335093;31;;
735217593346678;6;;
735217593348067;1;;
735217593371250;2;;
735217593377049;3;;
735217593387477;35;;
735217593399074;6;;
735217593399653;1;;
735217593422951;2;;
735217593428738;3;;
735217593443229;31;;
735217593454826;6;;
735217593455289;1;;
735217593478461;2;;
735217593484259;3;;
735217593488785;36;;
735217593500486;6;;
735217593500949;1;;
735217593524248;2;;
735217593530046;3;;
735217593535382;36;;
735217593546968;6;;
735217593548009;1;;
735217593571192;2;;
735217593576991;3;;
735217593582662;36;;
735217593594375;6;;
735217593595070;1;;
735217593618368;2;;
735217593624167;3;;
735217593636215;35;;
735217593647813;6;;
735217593648854;1;;
735217593672037;2;;
735217593677824;3;;
735217593681539;31;;
735217593693125;6;;
735217593694051;1;;
735217593717234;2;;
735217593723032;3;;
735217593736123;35;;
735217593747720;6;;
735217593748414;1;;
735217593771597;2;;
735217593777396;3;;
735217593783299;31;;
735217593794896;6;;
735217593796053;1;;
735217593819236;2;;
735217593825035;3;;
735217593851806;31;;
735217593863391;6;;
735217593863854;1;;
735217593887153;2;;
735217593892951;3;;
735217593905590;31;;
735217593917292;6;;
735217593918102;1;;
735217593941285;2;;
735217593947083;3;;
735217593953924;31;;
735217593965509;6;;
735217593966435;1;;
735217593989734;2;;
735217593995532;3;;
735217594002257;31;;
735217594013843;6;;
735217594015000;1;;
735217594038183;2;;
735217594043982;3;;
735217594115035;31;;
735217594126620;6;;
735217594127778;1;;
735217594151076;2;;
735217594156875;3;;
735217594217836;32;;
735217594229433;6;;
735217594230127;1;;
735217594253426;2;;
735217594259213;3;;
735217594294109;32;;
735217594305810;6;;
735217594306620;1;;
735217594329803;2;;
735217594335602;3;;
735217594365741;31;;
735217594377442;6;;
735217594378252;1;;
735217594401435;2;;
735217594407234;3;;
735217594436910;31;;
735217594448495;6;;
735217594448958;1;;
735217594472141;2;;
735217594477940;3;;
735217594484537;35;;
735217594496134;6;;
735217594497176;1;;
735217594520475;2;;
735217594526273;3;;
735217594533692;31;;
735217594545394;6;;
735217594546435;1;;
735217594569618;2;;
735217594575417;3;;
735217594580394;36;;
735217594592107;6;;
735217594593032;1;;
735217594616215;2;;
735217594622014;3;;
735217594644259;35;;
735217594655972;6;;
735217594657361;1;;
735217594680660;2;;
735217594686458;3;;
735217594692130;32;;
735217594703843;6;;
735217594705347;1;;
735217594728530;2;;
735217594734329;3;;
735217594747882;35;;
735217594759479;6;;
735217594760289;1;;
735217594783588;2;;
735217594789375;3;;
735217594794016;31;;
735217594805602;6;;
735217594806412;1;;
735217594829595;2;;
735217594835394;3;;
735217594840035;35;;
735217594851736;6;;
735217594852546;1;;
735217594875729;2;;
735217594881528;3;;
735217594891030;35;;
735217594902732;6;;
735217594903438;1;;
735217594926609;2;;
735217594932407;3;;
735217594937049;35;;
735217594948634;6;;
735217594949676;1;;
735217594972975;2;;
735217594978773;3;;
735217594985382;31;;
735217594996968;6;;
735217594997662;1;;
735217595020845;2;;
735217595026644;3;;
735217595031968;31;;
735217595043565;6;;
735217595044259;1;;
735217595067442;2;;
735217595073241;3;;
735217595074630;31;;
735217595086215;6;;
735217595087373;1;;
735217595110556;2;;
735217595116354;3;;
735217595265532;31;;
735217595277118;6;;
735217595278160;1;;
735217595301458;2;;
735217595307257;3;;
735217595385486;31;;
735217595397083;6;;
735217595397778;1;;
735217595420961;2;;
735217595426759;3;;
735217595451100;32;;
735217595462685;6;;
735217595463148;1;;
735217595486331;2;;
735217595492130;3;;
735217595649063;31;;
735217595660660;6;;
735217595661123;1;;
735217595684306;2;;
735217595690093;3;;
735217595694965;31;;
735217595706551;6;;
735217595707361;1;;
735217595730660;2;;
735217595736458;3;;
735217595746771;36;;
735217595758368;6;;
735217595759410;1;;
735217595782708;2;;
735217595788495;3;;
735217595813310;31;;
735217595824896;6;;
735217595826169;1;;
735217595849352;2;;
735217595855151;3;;
735217595868704;36;;
735217595880301;6;;
735217595880995;1;;
735217595904178;2;;
735217595909977;3;;
735217595915070;31;;
735217595926667;6;;
735217595927130;1;;
735217595950428;2;;
735217595956215;3;;
735217596186065;32;;
735217596197650;6;;
735217596198576;1;;
735217596221875;2;;
735217596227674;3;;
735217596272188;35;;
735217596283773;6;;
735217596284468;1;;
735217596307651;2;;
735217596313449;3;;
735217596325614;32;;
735217596337211;6;;
735217596338600;1;;
735217596361782;2;;
735217596367569;3;;
735217596395394;31;;
735217596407095;6;;
735217596407905;1;;
735217596431088;2;;
735217596436887;3;;
735217596465405;35;;
735217596477107;6;;
735217596477107;66;;
