733585687173021;0;2,1,100,v3;
733585687756157;55;;
733585687772153;1;;
733585687783739;2;;
733585687789537;3;;
733585687803218;20;;
733585687814803;6;;
733585687815498;1;;
733585687827095;2;;
733585687832882;3;;
733585687873796;20;;
733585687885394;6;;
733585687886320;1;;
733585687897905;2;;
733585687903704;3;;
733585687909850;21;;
733585687921551;6;;
733585687922488;1;;
733585687934074;2;;
733585687939873;3;;
733585687943345;21;;
733585687954942;6;;
733585687956563;1;;
733585687968148;2;;
733585687973947;3;;
733585688015208;21;;
733585688026921;6;;
733585688028195;1;;
733585688039780;2;;
733585688045579;3;;
733585688051377;21;;
733585688062963;6;;
733585688063657;1;;
733585688075255;2;;
733585688081042;3;;
733585688089502;20;;
733585688101100;6;;
733585688102025;1;;
733585688113611;2;;
733585688119410;3;;
733585688124167;20;;
733585688135752;6;;
733585688136794;1;;
733585688148391;2;;
733585688154178;3;;
733585688161482;21;;
733585688173079;6;;
733585688173773;1;;
733585688185359;2;;
733585688191157;3;;
733585688196030;20;;
733585688207732;6;;
733585688209005;1;;
733585688220602;2;;
733585688226389;3;;
733585688240185;21;;
733585688251771;6;;
733585688252477;1;;
733585688264063;2;;
733585688269861;3;;
733585688275764;20;;
733585688287477;6;;
733585688288519;1;;
733585688300104;2;;
733585688305903;3;;
733585688312975;21;;
733585688324560;6;;
733585688325266;1;;
733585688336968;2;;
733585688342766;3;;
733585688349838;21;;
733585688361539;6;;
733585688362697;1;;
733585688374294;2;;
733585688380081;3;;
733585688385880;21;;
733585688397477;6;;
733585688398403;1;;
733585688409988;2;;
733585688415787;3;;
733585688426215;21;;
733585688437813;6;;
733585688439086;1;;
733585688450671;2;;
733585688456470;3;;
733585688465857;21;;
733585688477442;6;;
733585688478264;1;;
733585688489850;2;;
733585688495648;3;;
733585688502951;21;;
733585688514537;6;;
733585688515695;1;;
733585688527407;2;;
733585688533195;3;;
733585688542245;21;;
733585688553947;6;;
733585688555104;1;;
733585688566701;2;;
733585688572488;3;;
733585688578634;21;;
733585688590220;6;;
733585688591157;1;;
733585688602743;2;;
733585688608542;3;;
733585688615729;21;;
733585688627315;6;;
733585688628472;1;;
733585688640070;2;;
733585688645857;3;;
733585688657917;21;;
733585688669502;6;;
733585688670787;1;;
733585688682373;2;;
733585688688171;3;;
733585688713785;21;;
733585688725486;6;;
733585688726528;1;;
733585688738125;2;;
733585688743924;3;;
733585688761076;21;;
733585688772662;6;;
733585688773704;1;;
733585688785301;2;;
733585688791088;3;;
733585688804537;21;;
733585688816134;6;;
733585688817870;1;;
733585688829456;2;;
733585688835255;3;;
733585688851713;21;;
733585688863299;6;;
733585688864468;1;;
733585688876169;2;;
733585688881968;3;;
733585688895058;21;;
733585688906655;6;;
733585688907697;1;;
733585688919282;2;;
733585688925081;3;;
733585688937604;21;;
733585688949190;6;;
733585688950116;1;;
733585688961713;2;;
733585688967500;3;;
733585688978866;21;;
733585688990567;6;;
733585688991956;1;;
733585689003553;2;;
733585689009352;3;;
733585689024757;21;;
733585689036354;6;;
733585689037164;1;;
733585689048750;2;;
733585689054549;3;;
733585689061620;21;;
733585689073218;6;;
733585689073912;1;;
733585689085498;2;;
733585689091296;3;;
733585689102998;20;;
733585689114595;6;;
733585689115637;1;;
733585689127338;2;;
733585689133137;3;;
733585689141366;21;;
733585689152951;6;;
733585689154120;1;;
733585689165706;2;;
733585689171505;3;;
733585689178692;21;;
733585689190278;6;;
733585689191551;1;;
733585689203148;2;;
733585689208935;3;;
733585689218102;21;;
733585689229688;6;;
733585689230845;1;;
733585689242442;2;;
733585689248229;3;;
733585689260637;21;;
733585689272222;6;;
733585689273380;1;;
733585689284977;2;;
733585689290776;3;;
733585689302361;21;;
733585689313947;6;;
733585689314641;1;;
733585689326239;2;;
733585689332037;3;;
733585689346748;20;;
733585689358461;6;;
733585689359387;1;;
733585689371100;2;;
733585689376887;3;;
733585689383264;21;;
733585689394850;6;;
733585689395440;1;;
733585689407026;2;;
733585689412824;3;;
733585689420706;21;;
733585689432407;6;;
733585689433333;1;;
733585689444931;2;;
733585689450718;3;;
733585689458137;21;;
733585689469734;6;;
733585689470891;1;;
733585689482477;2;;
733585689488276;3;;
733585689495579;21;;
733585689507280;6;;
733585689508333;1;;
733585689519919;2;;
733585689525718;3;;
733585689531505;21;;
733585689543218;6;;
733585689544144;1;;
733585689555729;2;;
733585689561528;3;;
733585689567326;21;;
733585689578912;6;;
733585689579491;1;;
733585689591088;2;;
733585689596887;3;;
733585689606157;20;;
733585689617859;6;;
733585689619016;1;;
733585689630613;2;;
733585689636400;3;;
733585689642778;21;;
733585689654491;6;;
733585689655185;1;;
733585689666771;2;;
733585689672569;3;;
733585689684387;20;;
733585689695984;6;;
733585689696794;1;;
733585689708380;2;;
733585689714178;3;;
733585689722523;21;;
733585689734120;6;;
733585689734931;1;;
733585689746516;2;;
733585689752315;3;;
733585689776424;21;;
733585689788125;6;;
733585689788819;1;;
733585689800532;2;;
733585689806331;3;;
733585689820000;21;;
733585689831597;6;;
733585689831597;66;;
