735538498929398;0;2,2,200,0,v5;
735538499849144;55;;
735538499861736;1;;
735538499884965;2;;
735538499892280;3;;
735538499928148;31;;
735538499939780;6;;
735538499940243;1;;
735538499963472;2;;
735538499969942;3;;
735538499982859;36;;
735538499994491;6;;
735538499995081;1;;
735538500018299;2;;
735538500024595;3;;
735538500053032;31;;
735538500064676;6;;
735538500065174;1;;
735538500088403;2;;
735538500094780;3;;
735538500124514;31;;
735538500136157;6;;
735538500136597;1;;
735538500159815;2;;
735538500166262;3;;
735538500176192;36;;
735538500187824;6;;
735538500188785;1;;
735538500212002;2;;
735538500218368;3;;
735538500243970;31;;
735538500255602;6;;
735538500256192;1;;
735538500279410;2;;
735538500285741;3;;
735538500304421;31;;
735538500316053;6;;
735538500316470;1;;
735538500339699;2;;
735538500346134;3;;
735538500375081;35;;
735538500386713;6;;
735538500387338;1;;
735538500410556;2;;
735538500416968;3;;
735538500435810;35;;
735538500447454;6;;
735538500447789;1;;
735538500471030;2;;
735538500477396;3;;
735538500542674;32;;
735538500554306;6;;
735538500555081;1;;
735538500578299;2;;
735538500584641;3;;
735538500595440;31;;
735538500607083;6;;
735538500608519;1;;
735538500631748;2;;
735538500638148;3;;
735538500701181;31;;
735538500712813;6;;
735538500713345;1;;
735538500736586;2;;
735538500743009;3;;
735538500758403;31;;
735538500770046;6;;
735538500771401;1;;
735538500794618;2;;
735538500800995;3;;
735538500824236;31;;
735538500835868;6;;
735538500836250;1;;
735538500859468;2;;
735538500865903;3;;
735538501132755;36;;
735538501144398;6;;
735538501145579;1;;
735538501168831;2;;
735538501175289;3;;
735538501283484;32;;
735538501295127;6;;
735538501295706;1;;
735538501318924;2;;
735538501325301;3;;
735538501335799;31;;
735538501347454;6;;
735538501347824;1;;
735538501371042;2;;
735538501377396;3;;
735538501396921;35;;
735538501408553;6;;
735538501408982;1;;
735538501432211;2;;
735538501438484;3;;
735538501449780;31;;
735538501461424;6;;
735538501462026;1;;
735538501485255;2;;
735538501491620;3;;
735538501498947;36;;
735538501510590;6;;
735538501510972;1;;
735538501534202;2;;
735538501540579;3;;
735538501548588;36;;
735538501560220;6;;
735538501561320;1;;
735538501584549;2;;
735538501590926;3;;
735538501602755;31;;
735538501614387;6;;
735538501614780;1;;
735538501637998;2;;
735538501644398;3;;
735538501652836;36;;
735538501664479;6;;
735538501664884;1;;
735538501688113;2;;
735538501694641;3;;
735538501745810;32;;
735538501757442;6;;
735538501758102;1;;
735538501781331;2;;
735538501787789;3;;
735538501829317;32;;
735538501840961;6;;
735538501841597;1;;
735538501864815;2;;
735538501871146;3;;
735538501919410;35;;
735538501931042;6;;
735538501931539;1;;
735538501954769;2;;
735538501961065;3;;
735538502061725;35;;
735538502073357;6;;
735538502073889;1;;
735538502097107;2;;
735538502103438;3;;
735538502133576;35;;
735538502145208;6;;
735538502145764;1;;
735538502168993;2;;
735538502175301;3;;
735538502184317;35;;
735538502195961;6;;
735538502196447;1;;
735538502219699;2;;
735538502226019;3;;
735538502234965;31;;
735538502246609;6;;
735538502247118;1;;
735538502270336;2;;
735538502276690;3;;
735538502296354;31;;
735538502307986;6;;
735538502308611;1;;
735538502331829;2;;
735538502338391;3;;
735538502363600;36;;
735538502375266;6;;
735538502375961;1;;
735538502399190;2;;
735538502405521;3;;
735538502554769;31;;
735538502566424;6;;
735538502567188;1;;
735538502590405;2;;
735538502596956;3;;
735538502611447;31;;
735538502623090;6;;
735538502623530;1;;
735538502646759;2;;
735538502653056;3;;
735538502684421;31;;
735538502696076;6;;
735538502697303;1;;
735538502720556;2;;
735538502727025;3;;
735538502746620;32;;
735538502758276;6;;
735538502758958;1;;
735538502782188;2;;
735538502788530;3;;
735538502794410;35;;
735538502806053;6;;
735538502806389;1;;
735538502829607;2;;
735538502836042;3;;
735538502840984;36;;
735538502852616;6;;
735538502853750;1;;
735538502876979;2;;
735538502883310;3;;
735538502889502;36;;
735538502901134;6;;
735538502901574;1;;
735538502924792;2;;
735538502931192;3;;
735538502944676;36;;
735538502956308;6;;
735538502956725;1;;
735538502979965;2;;
735538502986401;3;;
735538502995151;36;;
735538503006782;6;;
735538503007535;1;;
735538503030752;2;;
735538503037095;3;;
735538503073484;31;;
735538503085116;6;;
735538503085671;1;;
735538503108889;2;;
735538503115220;3;;
735538503149769;35;;
735538503161412;6;;
735538503162083;1;;
735538503185313;2;;
735538503191655;3;;
735538503214502;31;;
735538503226134;6;;
735538503227627;1;;
735538503250845;2;;
735538503257245;3;;
735538503339306;32;;
735538503350949;6;;
735538503351343;1;;
735538503374572;2;;
735538503380891;3;;
735538503388299;36;;
735538503399931;6;;
735538503400313;1;;
735538503423542;2;;
735538503429838;3;;
735538503490232;33;;
735538503501875;6;;
735538503503229;1;;
735538503526470;2;;
735538503532928;3;;
735538503618565;33;;
735538503630208;6;;
735538503630764;1;;
735538503653982;2;;
735538503660370;3;;
735538503690972;34;;
735538503702616;6;;
735538503703264;1;;
735538503726493;2;;
735538503732928;3;;
735538503750232;35;;
735538503761864;6;;
735538503762234;1;;
735538503785475;2;;
735538503791910;3;;
735538503800880;36;;
735538503812523;6;;
735538503813137;1;;
735538503836354;2;;
735538503842685;3;;
735538503856898;31;;
735538503868542;6;;
735538503869039;1;;
735538503892257;2;;
735538503898785;3;;
735538503950417;32;;
735538503962049;6;;
735538503962361;1;;
735538503985602;2;;
735538503991991;3;;
735538504009491;34;;
735538504021134;6;;
735538504021690;1;;
735538504044907;2;;
735538504051331;3;;
735538504072917;31;;
735538504084549;6;;
735538504085683;1;;
735538504108900;2;;
735538504115243;3;;
735538504128009;31;;
735538504139641;6;;
735538504140197;1;;
735538504163438;2;;
735538504169769;3;;
735538504233588;31;;
735538504245266;6;;
735538504245660;1;;
735538504268889;2;;
735538504275301;3;;
735538504281157;36;;
735538504292789;6;;
735538504293229;1;;
735538504316447;2;;
735538504322824;3;;
735538504373461;36;;
735538504385116;6;;
735538504386250;1;;
735538504409468;2;;
735538504415891;3;;
735538504506979;32;;
735538504518623;6;;
735538504519595;1;;
735538504542824;2;;
735538504549248;3;;
735538504594583;32;;
735538504606215;6;;
735538504606864;1;;
735538504630081;2;;
735538504636435;3;;
735538504695127;35;;
735538504706771;6;;
735538504707512;1;;
735538504730729;2;;
735538504737118;3;;
735538504755776;31;;
735538504767419;6;;
735538504767940;1;;
735538504791181;2;;
735538504797546;3;;
735538504941331;33;;
735538504952963;6;;
735538504953449;1;;
735538504976667;2;;
735538504982963;3;;
735538505011528;34;;
735538505023160;6;;
735538505023507;1;;
735538505046725;2;;
735538505053090;3;;
735538505059294;36;;
735538505070938;6;;
735538505071586;1;;
735538505094815;2;;
735538505101007;3;;
735538505110405;31;;
735538505122049;6;;
735538505122801;1;;
735538505146019;2;;
735538505152384;3;;
735538505158461;31;;
735538505170081;6;;
735538505170451;1;;
735538505193692;2;;
735538505199965;3;;
735538505212176;31;;
735538505223808;6;;
735538505224526;1;;
735538505247743;2;;
735538505254120;3;;
735538505273194;31;;
735538505284826;6;;
735538505286146;1;;
735538505309375;2;;
735538505315625;3;;
735538505329479;31;;
735538505341111;6;;
735538505341586;1;;
735538505364803;2;;
735538505371146;3;;
735538505378183;36;;
735538505389826;6;;
735538505390428;1;;
735538505413646;2;;
735538505420093;3;;
735538505431806;34;;
735538505443438;6;;
735538505443831;1;;
735538505467060;2;;
735538505473542;3;;
735538505507905;35;;
735538505519560;6;;
735538505520567;1;;
735538505543796;2;;
735538505550231;3;;
735538505576238;35;;
735538505587870;6;;
735538505588565;1;;
735538505611806;2;;
735538505618067;3;;
735538505652813;34;;
735538505664456;6;;
735538505664896;1;;
735538505688113;2;;
735538505694433;3;;
735538505699850;36;;
735538505711482;6;;
735538505712338;1;;
735538505735556;2;;
735538505741956;3;;
735538505756979;31;;
735538505768611;6;;
735538505769306;1;;
735538505792535;2;;
735538505798935;3;;
735538505843276;34;;
735538505854919;6;;
735538505855463;1;;
735538505878681;2;;
735538505885035;3;;
735538505896424;35;;
735538505908067;6;;
735538505908588;1;;
735538505931806;2;;
735538505938160;3;;
735538505944745;36;;
735538505956389;6;;
735538505956852;1;;
735538505980081;2;;
735538505986424;3;;
735538505992616;36;;
735538506004271;6;;
735538506004769;1;;
735538506027986;2;;
735538506034317;3;;
735538506040220;36;;
735538506051852;6;;
735538506053669;1;;
735538506076887;2;;
735538506083287;3;;
735538506104479;31;;
735538506116111;6;;
735538506117292;1;;
735538506140521;2;;
735538506146852;3;;
735538506162801;31;;
735538506174445;6;;
735538506175023;1;;
735538506198276;2;;
735538506204526;3;;
735538506258831;32;;
735538506270475;6;;
735538506271123;1;;
735538506294340;2;;
735538506300671;3;;
735538506354560;32;;
735538506366204;6;;
735538506366898;1;;
735538506390127;2;;
735538506396493;3;;
735538506429757;31;;
735538506441389;6;;
735538506441910;1;;
735538506465127;2;;
735538506471493;3;;
735538506516239;31;;
735538506527870;6;;
735538506528287;1;;
735538506551505;2;;
735538506557928;3;;
735538506564838;31;;
735538506576470;6;;
735538506577072;1;;
735538506600301;2;;
735538506606563;3;;
735538506644572;32;;
735538506656204;6;;
735538506656829;1;;
735538506680046;2;;
735538506686586;3;;
735538506694005;36;;
735538506705648;6;;
735538506706377;1;;
735538506729583;2;;
735538506736019;3;;
735538506756227;31;;
735538506767870;6;;
735538506769028;1;;
735538506792245;2;;
735538506798576;3;;
735538506805127;36;;
735538506816771;6;;
735538506817245;1;;
735538506840475;2;;
735538506846840;3;;
735538506906134;34;;
735538506917778;6;;
735538506918206;1;;
735538506941424;2;;
735538506947859;3;;
735538507002153;35;;
735538507013796;6;;
735538507014225;1;;
735538507037454;2;;
735538507043750;3;;
735538507050220;36;;
735538507061852;6;;
735538507062384;1;;
735538507085602;2;;
735538507091945;3;;
735538507098264;31;;
735538507109908;6;;
735538507110660;1;;
735538507133889;2;;
735538507140208;3;;
735538507171968;31;;
735538507183600;6;;
735538507183982;1;;
735538507207211;2;;
735538507213762;3;;
735538507236968;34;;
735538507248611;6;;
735538507248634;66;;
