736181625853982;0;3,2,200,0,v5;
736181626147662;55;;
736181626160266;1;;
736181626183553;2;;
736181626191343;3;;
736181626247292;31;;
736181626258901;6;;
736181626259757;1;;
736181626283009;2;;
736181626289479;3;;
736181626332998;31;;
736181626344607;6;;
736181626345197;1;;
736181626368391;2;;
736181626374688;3;;
736181626384271;36;;
736181626395891;6;;
736181626396713;1;;
736181626419919;2;;
736181626426331;3;;
736181626434086;31;;
736181626445695;6;;
736181626446458;1;;
736181626469653;2;;
736181626476169;3;;
736181626481296;31;;
736181626492905;6;;
736181626493623;1;;
736181626516875;2;;
736181626523264;3;;
736181626532766;36;;
736181626544364;6;;
736181626545093;1;;
736181626568287;2;;
736181626574630;3;;
736181626605891;36;;
736181626617512;6;;
736181626618171;1;;
736181626641366;2;;
736181626647801;3;;
736181626675324;32;;
736181626686933;6;;
736181626687523;1;;
736181626710718;2;;
736181626717037;3;;
736181626729201;36;;
736181626740799;6;;
736181626741470;1;;
736181626764734;2;;
736181626771134;3;;
736181626777326;31;;
736181626788935;6;;
736181626789641;1;;
736181626812847;2;;
736181626819259;3;;
736181626858796;31;;
736181626870405;6;;
736181626870938;1;;
736181626894120;2;;
736181626900567;3;;
736181626953403;31;;
736181626965012;6;;
736181626965637;1;;
736181626988843;2;;
736181626995151;3;;
736181627038391;31;;
736181627050000;6;;
736181627050718;1;;
736181627073924;2;;
736181627080243;3;;
736181627087257;31;;
736181627098866;6;;
736181627099410;1;;
736181627122604;2;;
736181627129028;3;;
736181627179086;31;;
736181627190695;6;;
736181627191296;1;;
736181627214491;2;;
736181627220822;3;;
736181627244086;31;;
736181627255683;6;;
736181627256458;1;;
736181627279722;2;;
736181627286146;3;;
736181627297025;31;;
736181627308634;6;;
736181627309329;1;;
736181627332523;2;;
736181627338958;3;;
736181627349051;36;;
736181627360648;6;;
736181627361366;1;;
736181627384607;2;;
736181627391158;3;;
736181627399410;31;;
736181627411007;6;;
736181627411771;1;;
736181627434977;2;;
736181627441308;3;;
736181627452546;31;;
736181627464155;6;;
736181627464826;1;;
736181627488009;2;;
736181627494433;3;;
736181627547708;35;;
736181627559317;6;;
736181627560116;1;;
736181627583310;2;;
736181627589607;3;;
736181627602500;31;;
736181627614109;6;;
736181627614803;1;;
736181627638009;2;;
736181627644387;3;;
736181627651944;31;;
736181627663553;6;;
736181627664086;1;;
736181627687280;2;;
736181627693657;3;;
736181627700451;31;;
736181627712060;6;;
736181627712813;1;;
736181627736007;2;;
736181627742350;3;;
736181627748403;31;;
736181627760000;6;;
736181627760729;1;;
736181627783982;2;;
736181627790370;3;;
736181627798565;31;;
736181627810174;6;;
736181627810810;1;;
736181627834016;2;;
736181627840313;3;;
736181627849120;36;;
736181627860729;6;;
736181627861435;1;;
736181627884630;2;;
736181627891065;3;;
736181627915764;36;;
736181627927373;6;;
736181627927928;1;;
736181627951123;2;;
736181627957523;3;;
736181628030741;31;;
736181628042350;6;;
736181628042986;1;;
736181628066239;2;;
736181628072558;3;;
736181628081470;31;;
736181628093079;6;;
736181628093727;1;;
736181628116921;2;;
736181628123264;3;;
736181628144607;36;;
736181628156204;6;;
736181628156736;1;;
736181628179931;2;;
736181628186366;3;;
736181628215880;36;;
736181628227488;6;;
736181628228183;1;;
736181628251377;2;;
736181628257882;3;;
736181628283646;36;;
736181628295266;6;;
736181628295949;1;;
736181628319132;2;;
736181628325475;3;;
736181628337708;36;;
736181628349317;6;;
736181628350058;1;;
736181628373252;2;;
736181628379549;3;;
736181628388796;31;;
736181628400405;6;;
736181628401146;1;;
736181628424340;2;;
736181628430625;3;;
736181628441019;31;;
736181628452627;6;;
736181628453287;1;;
736181628476493;2;;
736181628482894;3;;
736181628491748;31;;
736181628503345;6;;
736181628504016;1;;
736181628527211;2;;
736181628533600;3;;
736181628540984;31;;
736181628552593;6;;
736181628553310;1;;
736181628576505;2;;
736181628582940;3;;
736181628590602;31;;
736181628602211;6;;
736181628602813;1;;
736181628626007;2;;
736181628632454;3;;
736181628651157;31;;
736181628662755;6;;
736181628663495;1;;
736181628686678;2;;
736181628693009;3;;
736181628704838;36;;
736181628716447;6;;
736181628717199;1;;
736181628740394;2;;
736181628746817;3;;
736181628751678;31;;
736181628763287;6;;
736181628764016;1;;
736181628787222;2;;
736181628793634;3;;
736181628799815;31;;
736181628811424;6;;
736181628812141;1;;
736181628835336;2;;
736181628841678;3;;
736181628846667;36;;
736181628858276;6;;
736181628859005;1;;
736181628882199;2;;
736181628888530;3;;
736181628900347;31;;
736181628911956;6;;
736181628912778;1;;
736181628936019;2;;
736181628942350;3;;
736181628949965;31;;
736181628961574;6;;
736181628962245;1;;
736181628985440;2;;
736181628992037;3;;
736181628996806;31;;
736181629008414;6;;
736181629009132;1;;
736181629032326;2;;
736181629038773;3;;
736181629041435;31;;
736181629053044;6;;
736181629053762;1;;
736181629076968;2;;
736181629083299;3;;
736181629097523;31;;
736181629109132;6;;
736181629109838;1;;
736181629133032;2;;
736181629139468;3;;
736181629147326;31;;
736181629158958;6;;
736181629159653;1;;
736181629182847;2;;
736181629189201;3;;
736181629208970;31;;
736181629220579;6;;
736181629221250;1;;
736181629244444;2;;
736181629250880;3;;
736181629259155;31;;
736181629270764;6;;
736181629271470;1;;
736181629294664;2;;
736181629301007;3;;
736181629310625;31;;
736181629322245;6;;
736181629322859;1;;
736181629346111;2;;
736181629352570;3;;
736181629364861;36;;
736181629376470;6;;
736181629377014;1;;
736181629400208;2;;
736181629406551;3;;
736181629411701;31;;
736181629423310;6;;
736181629423785;1;;
736181629446991;2;;
736181629453391;3;;
736181629454294;31;;
736181629465903;6;;
736181629466609;1;;
736181629489792;2;;
736181629496146;3;;
736181629500949;31;;
736181629512558;6;;
736181629513380;1;;
736181629536574;2;;
736181629542975;3;;
736181629549271;31;;
736181629560880;6;;
736181629561516;1;;
736181629584711;2;;
736181629591030;3;;
736181629601655;31;;
736181629613264;6;;
736181629613889;1;;
736181629637083;2;;
736181629643403;3;;
736181629650544;31;;
736181629662153;6;;
736181629663044;1;;
736181629686296;2;;
736181629692720;3;;
736181629703495;36;;
736181629715093;6;;
736181629715845;1;;
736181629739039;2;;
736181629745451;3;;
736181629764954;31;;
736181629776563;6;;
736181629777164;1;;
736181629800359;2;;
736181629806644;3;;
736181629827905;31;;
736181629839502;6;;
736181629840185;1;;
736181629863380;2;;
736181629869745;3;;
736181629904375;31;;
736181629915984;6;;
736181629916817;1;;
736181629940012;2;;
736181629946424;3;;
736181629952130;31;;
736181629963738;6;;
736181629964294;1;;
736181629987488;2;;
736181629993773;3;;
736181629996007;36;;
736181630007616;6;;
736181630008553;1;;
736181630031748;2;;
736181630038125;3;;
736181630039329;31;;
736181630050949;6;;
736181630051644;1;;
736181630074838;2;;
736181630081343;3;;
736181630100255;31;;
736181630111852;6;;
736181630112546;1;;
736181630135741;2;;
736181630142153;3;;
736181630168750;31;;
736181630180359;6;;
736181630181053;1;;
736181630204248;2;;
736181630210660;3;;
736181630231505;31;;
736181630243113;6;;
736181630243877;1;;
736181630267083;2;;
736181630273357;3;;
736181630283912;31;;
736181630295521;6;;
736181630296134;1;;
736181630319398;2;;
736181630325718;3;;
736181630337975;31;;
736181630349572;6;;
736181630350417;1;;
736181630373611;2;;
736181630380035;3;;
736181630391655;31;;
736181630403264;6;;
736181630404063;1;;
736181630427245;2;;
736181630433634;3;;
736181630443310;31;;
736181630454931;6;;
736181630455486;1;;
736181630478681;2;;
736181630485174;3;;
736181630510151;31;;
736181630521759;6;;
736181630522581;1;;
736181630545775;2;;
736181630552083;3;;
736181630561620;31;;
736181630573229;6;;
736181630574016;1;;
736181630597211;2;;
736181630603623;3;;
736181630625857;36;;
736181630637465;6;;
736181630638218;1;;
736181630661435;2;;
736181630667732;3;;
736181630673449;31;;
736181630685058;6;;
736181630685741;1;;
736181630708935;2;;
736181630715370;3;;
736181630721771;31;;
736181630733380;6;;
736181630734028;1;;
736181630757222;2;;
736181630763542;3;;
736181630767130;36;;
736181630778738;6;;
736181630779410;1;;
736181630802604;2;;
736181630808970;3;;
736181630816366;31;;
736181630827975;6;;
736181630828750;1;;
736181630851945;2;;
736181630858403;3;;
736181630878403;31;;
736181630890000;6;;
736181630890602;1;;
736181630913796;2;;
736181630920220;3;;
736181630924317;36;;
736181630935914;6;;
736181630936574;1;;
736181630959769;2;;
736181630966053;3;;
736181630978924;31;;
736181630990533;6;;
736181630990995;1;;
736181631014190;2;;
736181631020498;3;;
736181631028542;36;;
736181631040150;6;;
736181631040833;1;;
736181631064039;2;;
736181631070428;3;;
736181631075394;31;;
736181631086991;6;;
736181631087778;1;;
736181631110961;2;;
736181631117373;3;;
736181631137037;31;;
736181631148646;6;;
736181631149468;1;;
736181631172674;2;;
736181631179063;3;;
736181631187211;31;;
736181631198820;6;;
736181631199549;1;;
736181631222801;2;;
736181631229340;3;;
736181631236088;31;;
736181631247685;6;;
736181631248472;1;;
736181631271678;2;;
736181631278090;3;;
736181631311076;36;;
736181631322685;6;;
736181631323299;1;;
736181631346493;2;;
736181631352928;3;;
736181631358843;36;;
736181631370440;6;;
736181631371088;1;;
736181631394283;2;;
736181631400718;3;;
736181631421227;36;;
736181631432836;6;;
736181631433380;1;;
736181631456574;2;;
736181631463009;3;;
736181631484364;31;;
736181631495972;6;;
736181631496563;1;;
736181631519757;2;;
736181631526065;3;;
736181631528241;31;;
736181631539850;6;;
736181631540533;1;;
736181631563785;2;;
736181631570220;3;;
736181631585822;31;;
736181631597431;6;;
736181631598137;1;;
736181631621389;2;;
736181631627963;3;;
736181631640984;31;;
736181631652593;6;;
736181631653345;1;;
736181631676551;2;;
736181631682928;3;;
736181631700613;31;;
736181631712211;6;;
736181631712847;1;;
736181631736042;2;;
736181631742361;3;;
736181631753565;31;;
736181631765162;6;;
736181631765741;1;;
736181631788935;2;;
736181631795347;3;;
736181631804468;31;;
736181631816076;6;;
736181631816806;1;;
736181631840000;2;;
736181631846435;3;;
736181631853160;31;;
736181631864769;6;;
736181631864803;66;;
