735336717418206;0;1,2,200,0,v5;
735336717517755;55;;
735336717530243;1;;
735336717553449;2;;
735336717559873;3;;
735336717675938;33;;
735336717687570;6;;
735336717687975;1;;
735336717711181;2;;
735336717717500;3;;
735336717762975;32;;
735336717774606;6;;
735336717775729;1;;
735336717798947;2;;
735336717805359;3;;
735336717837639;33;;
735336717849271;6;;
735336717849722;1;;
735336717872940;2;;
735336717879317;3;;
735336717889213;32;;
735336717900845;6;;
735336717901146;1;;
735336717924352;2;;
735336717930683;3;;
735336717951019;35;;
735336717962639;6;;
735336717963079;1;;
735336717986308;2;;
735336717992500;3;;
735336718001574;32;;
735336718013206;6;;
735336718013831;1;;
735336718037049;2;;
735336718043264;3;;
735336718056736;34;;
735336718068357;6;;
735336718068831;1;;
735336718092049;2;;
735336718098414;3;;
735336718106377;32;;
735336718118009;6;;
735336718118495;1;;
735336718141713;2;;
735336718148056;3;;
735336718169826;35;;
735336718181458;6;;
735336718181863;1;;
735336718205093;2;;
735336718211655;3;;
735336718225243;32;;
735336718236875;6;;
735336718237257;1;;
735336718260463;2;;
735336718266817;3;;
735336718300660;35;;
735336718312292;6;;
735336718313739;1;;
735336718336956;2;;
735336718343183;3;;
735336718384364;32;;
735336718396007;6;;
735336718396609;1;;
735336718419815;2;;
735336718426192;3;;
735336718454757;33;;
735336718466389;6;;
735336718466782;1;;
735336718489989;2;;
735336718496343;3;;
735336718509850;35;;
735336718521482;6;;
735336718521933;1;;
735336718545151;2;;
735336718551528;3;;
735336718604421;35;;
735336718616053;6;;
735336718616528;1;;
735336718639745;2;;
735336718646019;3;;
735336718659537;32;;
735336718671169;6;;
735336718671528;1;;
735336718694745;2;;
735336718701169;3;;
735336718724433;35;;
735336718736065;6;;
735336718736505;1;;
735336718759722;2;;
735336718766065;3;;
735336718786933;32;;
735336718798576;6;;
735336718799039;1;;
735336718822257;2;;
735336718828623;3;;
735336718855891;35;;
735336718867523;6;;
735336718868021;1;;
735336718891239;2;;
735336718897697;3;;
735336718909988;34;;
735336718921620;6;;
735336718921968;1;;
735336718945185;2;;
735336718951539;3;;
735336718965602;34;;
735336718977234;6;;
735336718977836;1;;
735336719001065;2;;
735336719007442;3;;
735336719024688;33;;
735336719036319;6;;
735336719036748;1;;
735336719059965;2;;
735336719066400;3;;
735336719083414;35;;
735336719095046;6;;
735336719095579;1;;
735336719118785;2;;
735336719125104;3;;
735336719146644;32;;
735336719158276;6;;
735336719158715;1;;
735336719181921;2;;
735336719188322;3;;
735336719199861;32;;
735336719211493;6;;
735336719211910;1;;
735336719235127;2;;
735336719241482;3;;
735336719249861;32;;
735336719261481;6;;
735336719262245;1;;
735336719285463;2;;
735336719291817;3;;
735336719304225;32;;
735336719315868;6;;
735336719316389;1;;
735336719339607;2;;
735336719345984;3;;
735336719368519;32;;
735336719380150;6;;
735336719380637;1;;
735336719403854;2;;
735336719410232;3;;
735336719424641;34;;
735336719436273;6;;
735336719436644;1;;
735336719459873;2;;
735336719466100;3;;
735336719472350;32;;
735336719483982;6;;
735336719485509;1;;
735336719508727;2;;
735336719515081;3;;
735336719523634;32;;
735336719535266;6;;
735336719535776;1;;
735336719558993;2;;
735336719565405;3;;
735336719573773;35;;
735336719585394;6;;
735336719586435;1;;
735336719609653;2;;
735336719616077;3;;
735336719622535;32;;
735336719634167;6;;
735336719634792;1;;
735336719658009;2;;
735336719664387;3;;
735336719679132;33;;
735336719690764;6;;
735336719691354;1;;
735336719714572;2;;
735336719720972;3;;
735336719727442;32;;
735336719739074;6;;
735336719739572;1;;
735336719762778;2;;
735336719769178;3;;
735336719776783;34;;
735336719788414;6;;
735336719789664;1;;
735336719812882;2;;
735336719819248;3;;
735336719826030;32;;
735336719837650;6;;
735336719838252;1;;
735336719861458;2;;
735336719867847;3;;
735336719876991;32;;
735336719888623;6;;
735336719889005;1;;
735336719912222;2;;
735336719918565;3;;
735336719931771;32;;
735336719943403;6;;
735336719943843;1;;
735336719967060;2;;
735336719973403;3;;
735336719986088;32;;
735336719997720;6;;
735336719998171;1;;
735336720021401;2;;
735336720027627;3;;
735336720039618;35;;
735336720051238;6;;
735336720051829;1;;
735336720075035;2;;
735336720081354;3;;
735336720088750;32;;
735336720100382;6;;
735336720100938;1;;
735336720124155;2;;
735336720130405;3;;
735336720156806;35;;
735336720168426;6;;
735336720168854;1;;
735336720192060;2;;
735336720198414;3;;
735336720205949;34;;
735336720217581;6;;
735336720217755;1;;
735336720240961;2;;
735336720247361;3;;
735336720271875;34;;
735336720283507;6;;
735336720284063;1;;
735336720307280;2;;
735336720313681;3;;
735336720328831;32;;
735336720340463;6;;
735336720340914;1;;
735336720364132;2;;
735336720370313;3;;
735336720387269;34;;
735336720398901;6;;
735336720399190;1;;
735336720422431;2;;
735336720428623;3;;
735336720443901;35;;
735336720455532;6;;
735336720456088;1;;
735336720479306;2;;
735336720485602;3;;
735336720494005;33;;
735336720505625;6;;
735336720506921;1;;
735336720530139;2;;
735336720536574;3;;
735336720545718;32;;
735336720557350;6;;
735336720557743;1;;
735336720580949;2;;
735336720587303;3;;
735336720594201;32;;
735336720605833;6;;
735336720606435;1;;
735336720629664;2;;
735336720635949;3;;
735336720647211;32;;
735336720658831;6;;
735336720659282;1;;
735336720682500;2;;
735336720688738;3;;
735336720698808;32;;
735336720710440;6;;
735336720712569;1;;
735336720735787;2;;
735336720742118;3;;
735336720747998;32;;
735336720759630;6;;
735336720760139;1;;
735336720783357;2;;
735336720789722;3;;
735336720796273;34;;
735336720807905;6;;
735336720808252;1;;
735336720831493;2;;
735336720837963;3;;
735336720844213;34;;
735336720855833;6;;
735336720857014;1;;
735336720880220;2;;
735336720886609;3;;
735336720892373;32;;
735336720904005;6;;
735336720904259;1;;
735336720927477;2;;
735336720933831;3;;
735336720961331;36;;
735336720972951;6;;
735336720973739;1;;
735336720996956;2;;
735336721003276;3;;
735336721010301;33;;
735336721021944;6;;
735336721022581;1;;
735336721045799;2;;
735336721052164;3;;
735336721059410;32;;
735336721071042;6;;
735336721071609;1;;
735336721094815;2;;
735336721101192;3;;
735336721109444;34;;
735336721121076;6;;
735336721121597;1;;
735336721144815;2;;
735336721151192;3;;
735336721159363;32;;
735336721170995;6;;
735336721171412;1;;
735336721194630;2;;
735336721200880;3;;
735336721209734;32;;
735336721221377;6;;
735336721221898;1;;
735336721245104;2;;
735336721251528;3;;
735336721258634;33;;
735336721270266;6;;
735336721271458;1;;
735336721294676;2;;
735336721300891;3;;
735336721307396;33;;
735336721319028;6;;
735336721319514;1;;
735336721342732;2;;
735336721349063;3;;
735336721358252;35;;
735336721369884;6;;
735336721370521;1;;
735336721393738;2;;
735336721400127;3;;
735336721410498;32;;
735336721422118;6;;
735336721422627;1;;
735336721445857;2;;
735336721452199;3;;
735336721459514;34;;
735336721471146;6;;
735336721471586;1;;
735336721494792;2;;
735336721501181;3;;
735336721507488;34;;
735336721519120;6;;
735336721519479;1;;
735336721542697;2;;
735336721549109;3;;
735336721555127;32;;
735336721566759;6;;
735336721568796;1;;
735336721592014;2;;
735336721598391;3;;
735336721605533;33;;
735336721617164;6;;
735336721618299;1;;
735336721641528;2;;
735336721647708;3;;
735336721656192;33;;
735336721667824;6;;
735336721668819;1;;
735336721692025;2;;
735336721698414;3;;
735336721705567;32;;
735336721717199;6;;
735336721717674;1;;
735336721740880;2;;
735336721747338;3;;
735336721753218;32;;
735336721764838;6;;
735336721765336;1;;
735336721788542;2;;
735336721794931;3;;
735336721800394;33;;
735336721812025;6;;
735336721812535;1;;
735336721835764;2;;
735336721842153;3;;
735336721847720;32;;
735336721859352;6;;
735336721859780;1;;
735336721882986;2;;
735336721889352;3;;
735336721896759;33;;
735336721908391;6;;
735336721908993;1;;
735336721932199;2;;
735336721938600;3;;
735336721945926;32;;
735336721957558;6;;
735336721958102;1;;
735336721981320;2;;
735336721987662;3;;
735336721994977;32;;
735336722006609;6;;
735336722007037;1;;
735336722030255;2;;
735336722036609;3;;
735336722045428;32;;
735336722057060;6;;
735336722057350;1;;
735336722080567;2;;
735336722086945;3;;
735336722093785;34;;
735336722105417;6;;
735336722106655;1;;
735336722129861;2;;
735336722136227;3;;
735336722142500;32;;
735336722154132;6;;
735336722155197;1;;
735336722178414;2;;
735336722184826;3;;
735336722189942;32;;
735336722201574;6;;
735336722202141;1;;
735336722225347;2;;
735336722231678;3;;
735336722239595;32;;
735336722251227;6;;
735336722251678;1;;
735336722274907;2;;
735336722281343;3;;
735336722287512;32;;
735336722299144;6;;
735336722299734;1;;
735336722322951;2;;
735336722329317;3;;
735336722335995;32;;
735336722347627;6;;
735336722348021;1;;
735336722371227;2;;
735336722377558;3;;
735336722384954;34;;
735336722396586;6;;
735336722396979;1;;
735336722420185;2;;
735336722426539;3;;
735336722435313;34;;
735336722446945;6;;
735336722448854;1;;
735336722472083;2;;
735336722478322;3;;
735336722489954;32;;
735336722501586;6;;
735336722502037;1;;
735336722525255;2;;
735336722531644;3;;
735336722538576;34;;
735336722550208;6;;
735336722550648;1;;
735336722573866;2;;
735336722580301;3;;
735336722585799;34;;
735336722597431;6;;
735336722597963;1;;
735336722621169;2;;
735336722627558;3;;
735336722646250;32;;
735336722657882;6;;
735336722658657;1;;
735336722681875;2;;
735336722688322;3;;
735336722694873;32;;
735336722706505;6;;
735336722707431;1;;
735336722730648;2;;
735336722736968;3;;
735336722743623;32;;
735336722755255;6;;
735336722756320;1;;
735336722779537;2;;
735336722785914;3;;
735336722791215;32;;
735336722802847;6;;
735336722803808;1;;
735336722827026;2;;
735336722833403;3;;
735336722839271;34;;
735336722850914;6;;
735336722851192;1;;
735336722874410;2;;
735336722880729;3;;
735336722887465;32;;
735336722899086;6;;
735336722899433;1;;
735336722922651;2;;
735336722928982;3;;
735336722939005;32;;
735336722950637;6;;
735336722951100;1;;
735336722974317;2;;
735336722980706;3;;
735336722986956;34;;
735336722998588;6;;
735336722999074;1;;
735336723022292;2;;
735336723028623;3;;
735336723038727;32;;
735336723050370;6;;
735336723050394;66;;
