735133484322894;0;2,1,100,0,v4;
735133486747674;55;;
735133486761123;1;;
735133486784294;2;;
735133486790093;3;;
735133486825220;20;;
735133486836921;6;;
735133486837963;1;;
735133486861146;2;;
735133486866945;3;;
735133486873553;21;;
735133486885255;6;;
735133486886528;1;;
735133486909711;2;;
735133486915509;3;;
735133486955382;21;;
735133486966968;6;;
735133486969989;1;;
735133486993160;2;;
735133486998958;3;;
735133487019016;21;;
735133487030602;6;;
735133487032222;1;;
735133487055521;2;;
735133487061319;3;;
735133487075116;21;;
735133487086702;6;;
735133487088553;1;;
735133487111736;2;;
735133487117535;3;;
735133487146864;21;;
735133487158449;6;;
735133487160069;1;;
735133487183368;2;;
735133487189167;3;;
735133487197396;21;;
735133487208982;6;;
735133487209907;1;;
735133487233090;2;;
735133487238889;3;;
735133487247002;20;;
735133487258588;6;;
735133487260104;1;;
735133487283276;2;;
735133487289074;3;;
735133487300671;21;;
735133487312257;6;;
735133487314340;1;;
735133487337523;2;;
735133487343322;3;;
735133487349352;21;;
735133487360938;6;;
735133487362211;1;;
735133487385394;2;;
735133487391192;3;;
735133487397338;20;;
735133487409039;6;;
735133487410428;1;;
735133487433611;2;;
735133487439410;3;;
735133487454016;21;;
735133487465602;6;;
735133487466759;1;;
735133487489942;2;;
735133487495741;3;;
735133487502697;20;;
735133487514283;6;;
735133487515671;1;;
735133487538854;2;;
735133487544653;3;;
735133487556007;21;;
735133487567604;6;;
735133487568877;1;;
735133487592060;2;;
735133487597859;3;;
735133487628449;21;;
735133487640162;6;;
735133487641551;1;;
735133487664734;2;;
735133487670532;3;;
735133487694757;21;;
735133487706458;6;;
735133487707731;1;;
735133487730914;2;;
735133487736713;3;;
735133487758380;20;;
735133487770093;6;;
735133487771713;1;;
735133487794896;2;;
735133487800694;3;;
735133487829896;21;;
735133487841609;6;;
735133487842535;1;;
735133487865833;2;;
735133487871632;3;;
735133487881713;20;;
735133487893414;6;;
735133487894919;1;;
735133487918102;2;;
735133487923901;3;;
735133487934560;21;;
735133487946158;6;;
735133487947894;1;;
735133487971076;2;;
735133487976875;3;;
735133487983125;21;;
735133487994838;6;;
735133487996343;1;;
735133488019641;2;;
735133488025440;3;;
735133488034826;21;;
735133488046528;6;;
735133488047801;1;;
735133488070984;2;;
735133488076782;3;;
735133488083276;21;;
735133488094861;6;;
735133488096134;1;;
735133488119317;2;;
735133488125116;3;;
735133488131030;21;;
735133488142732;6;;
735133488144120;1;;
735133488167303;2;;
735133488173102;3;;
735133488178322;21;;
735133488189907;6;;
735133488191528;1;;
735133488214711;2;;
735133488220509;3;;
735133488225498;21;;
735133488237083;6;;
735133488238241;1;;
735133488261424;2;;
735133488267222;3;;
735133488281713;21;;
735133488293414;6;;
735133488294225;1;;
735133488317407;2;;
735133488323206;3;;
735133488328877;20;;
735133488340590;6;;
735133488342326;1;;
735133488365509;2;;
735133488371308;3;;
735133488379884;21;;
735133488391470;6;;
735133488392396;1;;
735133488415695;2;;
735133488421493;3;;
735133488424850;20;;
735133488436447;6;;
735133488438067;1;;
735133488461250;2;;
735133488467049;3;;
735133488474225;21;;
735133488485938;6;;
735133488487442;1;;
735133488510625;2;;
735133488516424;3;;
735133488522558;21;;
735133488534271;6;;
735133488535197;1;;
735133488558380;2;;
735133488564178;3;;
735133488569387;21;;
735133488580984;6;;
735133488582141;1;;
735133488605324;2;;
735133488611111;3;;
735133488616447;21;;
735133488628160;6;;
735133488629201;1;;
735133488652384;2;;
735133488658171;3;;
735133488663044;21;;
735133488674630;6;;
735133488675787;1;;
735133488699086;2;;
735133488704884;3;;
735133488711609;21;;
735133488723195;6;;
735133488724479;1;;
735133488747650;2;;
735133488753449;3;;
735133488758206;21;;
735133488769792;6;;
735133488771644;1;;
735133488794826;2;;
735133488800625;3;;
735133488807697;21;;
735133488819282;6;;
735133488820440;1;;
735133488843623;2;;
735133488849421;3;;
735133488854873;21;;
735133488866458;6;;
735133488867616;1;;
735133488890914;2;;
735133488896713;3;;
735133488900764;21;;
735133488912477;6;;
735133488913519;1;;
735133488936702;2;;
735133488942500;3;;
735133488948056;21;;
735133488959653;6;;
735133488960694;1;;
735133488983993;2;;
735133488989780;3;;
735133488993958;21;;
735133489005544;6;;
735133489006366;1;;
735133489029537;2;;
735133489035336;3;;
735133489039051;21;;
735133489050637;6;;
735133489051794;1;;
735133489075093;2;;
735133489080891;3;;
735133489089005;20;;
735133489100590;6;;
735133489101401;1;;
735133489124583;2;;
735133489130382;3;;
735133489133623;20;;
735133489145220;6;;
735133489146146;1;;
735133489169329;2;;
735133489175127;3;;
735133489181262;21;;
735133489192859;6;;
735133489193553;1;;
735133489216736;2;;
735133489222523;3;;
735133489227859;20;;
735133489239445;6;;
735133489240150;1;;
735133489263322;2;;
735133489269120;3;;
735133489273762;20;;
735133489285463;6;;
735133489286389;1;;
735133489309572;2;;
735133489315370;3;;
735133489322442;20;;
735133489334028;6;;
735133489334722;1;;
735133489357905;2;;
735133489363704;3;;
735133489369618;21;;
735133489381204;6;;
735133489381551;1;;
735133489404734;2;;
735133489410532;3;;
735133489415741;21;;
735133489427338;6;;
735133489428380;1;;
735133489451563;2;;
735133489457361;3;;
735133489458519;21;;
735133489470104;6;;
735133489471262;1;;
735133489494560;2;;
735133489500359;3;;
735133489504178;21;;
735133489515776;6;;
735133489517164;1;;
735133489540347;2;;
735133489546146;3;;
735133489551123;20;;
735133489562720;6;;
735133489563877;1;;
735133489587060;2;;
735133489592847;3;;
735133489597141;21;;
735133489608727;6;;
735133489609421;1;;
735133489632604;2;;
735133489638403;3;;
735133489642697;20;;
735133489654283;6;;
735133489655440;1;;
735133489678623;2;;
735133489684421;3;;
735133489690093;21;;
735133489701690;6;;
735133489702963;1;;
735133489726262;2;;
735133489732060;3;;
735133489736111;21;;
735133489747824;6;;
735133489748519;1;;
735133489771701;2;;
735133489777488;3;;
735133489781782;20;;
735133489793368;6;;
735133489794410;1;;
735133489817593;2;;
735133489823391;3;;
735133489827338;21;;
735133489839039;6;;
735133489840197;1;;
735133489863380;2;;
735133489869178;3;;
735133489873461;21;;
735133489885058;6;;
735133489885752;1;;
735133489908935;2;;
735133489914722;3;;
735133489918206;21;;
735133489929907;6;;
735133489931065;1;;
735133489954248;2;;
735133489960046;3;;
735133489964803;21;;
735133489976389;6;;
735133489977431;1;;
735133490000729;2;;
735133490006528;3;;
735133490010810;21;;
735133490022523;6;;
735133490023796;1;;
735133490046979;2;;
735133490052778;3;;
735133490058102;21;;
735133490069699;6;;
735133490070509;1;;
735133490093692;2;;
735133490099479;3;;
735133490104815;21;;
735133490116516;6;;
735133490117685;1;;
735133490140857;2;;
735133490146655;3;;
735133490151875;21;;
735133490163461;6;;
735133490164502;1;;
735133490187685;2;;
735133490193484;3;;
735133490198357;21;;
735133490210058;6;;
735133490211215;1;;
735133490234398;2;;
735133490240197;3;;
735133490245289;21;;
735133490257002;6;;
735133490257813;1;;
735133490280995;2;;
735133490286794;3;;
735133490290151;20;;
735133490301736;6;;
735133490302905;1;;
735133490326076;2;;
735133490331875;3;;
735133490336748;21;;
735133490348333;6;;
735133490349491;1;;
735133490372674;2;;
735133490378472;3;;
735133490382408;21;;
735133490394005;6;;
735133490395278;1;;
735133490418461;2;;
735133490424259;3;;
735133490428194;21;;
735133490439907;6;;
735133490440602;1;;
735133490463785;2;;
735133490469572;3;;
735133490486146;21;;
735133490497859;6;;
735133490499248;1;;
735133490522431;2;;
735133490528229;3;;
735133490544803;21;;
735133490556389;6;;
735133490557546;1;;
735133490580729;2;;
735133490586528;3;;
735133490610058;21;;
735133490621759;6;;
735133490623148;1;;
735133490646331;2;;
735133490652130;3;;
735133490705336;21;;
735133490716921;6;;
735133490717963;1;;
735133490741146;2;;
735133490746945;3;;
735133490775683;21;;
735133490787280;6;;
735133490787859;1;;
735133490811042;2;;
735133490816829;3;;
735133490845116;21;;
735133490856701;6;;
735133490857870;1;;
735133490881042;2;;
735133490886840;3;;
735133490897500;21;;
735133490909097;6;;
735133490909676;1;;
735133490932975;2;;
735133490938773;3;;
735133490948738;21;;
735133490960440;6;;
735133490961482;1;;
735133490984664;2;;
735133490990463;3;;
735133490993935;20;;
735133491005533;6;;
735133491006806;1;;
735133491029988;2;;
735133491035787;3;;
735133491039607;21;;
735133491051204;6;;
735133491051782;1;;
735133491074965;2;;
735133491080752;3;;
735133491085394;21;;
735133491096979;6;;
735133491098252;1;;
735133491121435;2;;
735133491127234;3;;
735133491132338;21;;
735133491143924;6;;
735133491144850;1;;
735133491168148;2;;
735133491173947;3;;
735133491178229;21;;
735133491189942;6;;
735133491190984;1;;
735133491214167;2;;
735133491219965;3;;
735133491224248;21;;
735133491235845;6;;
735133491236771;1;;
735133491259954;2;;
735133491265741;3;;
735133491271539;20;;
735133491283125;6;;
735133491283819;1;;
735133491307002;2;;
735133491312801;3;;
735133491318137;20;;
735133491329722;6;;
735133491330301;1;;
735133491353484;2;;
735133491359282;3;;
735133491363796;21;;
735133491375394;6;;
735133491376782;1;;
735133491399965;2;;
735133491405764;3;;
735133491414340;21;;
735133491425926;6;;
735133491426620;1;;
735133491449803;2;;
735133491455602;3;;
735133491460926;20;;
735133491472523;6;;
735133491473565;1;;
735133491496748;2;;
735133491502546;3;;
735133491510197;21;;
735133491521782;6;;
735133491522824;1;;
735133491546123;2;;
735133491551921;3;;
735133491556898;21;;
735133491568611;6;;
735133491569769;1;;
735133491592951;2;;
735133491598750;3;;
735133491604074;21;;
735133491615671;6;;
735133491616597;1;;
735133491639780;2;;
735133491645567;3;;
735133491650671;21;;
735133491662269;6;;
735133491662963;1;;
735133491686250;2;;
735133491692049;3;;
735133491697384;21;;
735133491708970;6;;
735133491710127;1;;
735133491733310;2;;
735133491739109;3;;
735133491745370;21;;
735133491757072;6;;
735133491758113;1;;
735133491781412;2;;
735133491787211;3;;
735133491793588;21;;
735133491805174;6;;
735133491805868;1;;
735133491829167;2;;
735133491834965;3;;
735133491839132;20;;
735133491850845;6;;
735133491850845;66;;
