733795620525995;0;2,2,200,v3;
733795620937465;55;;
733795620952651;1;;
733795620964248;2;;
733795620970035;3;;
733795621017789;34;;
733795621029387;6;;
733795621030313;1;;
733795621041898;2;;
733795621047697;3;;
733795621084097;35;;
733795621095683;6;;
733795621096840;1;;
733795621108438;2;;
733795621114225;3;;
733795621145984;33;;
733795621157697;6;;
733795621158507;1;;
733795621170093;2;;
733795621175891;3;;
733795621190613;35;;
733795621202199;6;;
733795621202662;1;;
733795621214259;2;;
733795621220046;3;;
733795621227465;36;;
733795621239063;6;;
733795621239989;1;;
733795621251574;2;;
733795621257373;3;;
733795621283681;34;;
733795621295394;6;;
733795621296435;1;;
733795621308021;2;;
733795621313819;3;;
733795621322627;33;;
733795621334225;6;;
733795621334688;1;;
733795621346273;2;;
733795621352072;3;;
733795621386840;35;;
733795621398553;6;;
733795621399479;1;;
733795621411065;2;;
733795621416863;3;;
733795621423472;36;;
733795621435058;6;;
733795621435405;1;;
733795621447002;2;;
733795621452789;3;;
733795621469711;34;;
733795621481424;6;;
733795621482234;1;;
733795621493935;2;;
733795621499734;3;;
733795621509583;34;;
733795621521181;6;;
733795621522338;1;;
733795621533924;2;;
733795621539722;3;;
733795621553287;33;;
733795621564988;6;;
733795621565799;1;;
733795621577396;2;;
733795621583195;3;;
733795621589213;36;;
733795621600810;6;;
733795621601736;1;;
733795621613322;2;;
733795621619120;3;;
733795621627465;33;;
733795621639051;6;;
733795621639526;1;;
733795621651111;2;;
733795621656910;3;;
733795621661192;34;;
733795621672789;6;;
733795621673715;1;;
733795621685301;2;;
733795621691100;3;;
733795621699097;35;;
733795621710799;6;;
733795621711620;1;;
733795621723206;2;;
733795621729005;3;;
733795621735370;32;;
733795621746968;6;;
733795621747546;1;;
733795621759132;2;;
733795621764931;3;;
733795621776181;35;;
733795621787766;6;;
733795621788576;1;;
733795621800174;2;;
733795621805961;3;;
733795621810370;36;;
733795621821956;6;;
733795621822766;1;;
733795621834364;2;;
733795621840151;3;;
733795621845139;35;;
733795621856736;6;;
733795621857315;1;;
733795621868901;2;;
733795621874699;3;;
733795621877593;34;;
733795621889190;6;;
733795621890000;1;;
733795621901586;2;;
733795621907384;3;;
733795621915498;36;;
733795621927199;6;;
733795621927662;1;;
733795621939259;2;;
733795621945058;3;;
733795621954213;34;;
733795621965914;6;;
733795621966725;1;;
733795621978438;2;;
733795621984225;3;;
733795621990023;36;;
733795622001620;6;;
733795622002431;1;;
733795622014016;2;;
733795622019815;3;;
733795622023056;36;;
733795622034769;6;;
733795622035926;1;;
733795622047512;2;;
733795622053310;3;;
733795622057245;36;;
733795622068958;6;;
733795622069884;1;;
733795622081470;2;;
733795622087269;3;;
733795622090752;36;;
733795622102338;6;;
733795622103148;1;;
733795622114861;2;;
733795622120648;3;;
733795622126100;36;;
733795622137685;6;;
733795622138623;1;;
733795622150208;2;;
733795622156007;3;;
733795622162384;36;;
733795622173970;6;;
733795622174780;1;;
733795622186366;2;;
733795622192164;3;;
733795622205845;34;;
733795622217431;6;;
733795622218241;1;;
733795622229838;2;;
733795622235637;3;;
733795622239456;36;;
733795622251053;6;;
733795622251979;1;;
733795622263681;2;;
733795622269479;3;;
733795622305752;34;;
733795622317350;6;;
733795622318276;1;;
733795622329861;2;;
733795622335660;3;;
733795622341921;34;;
733795622353507;6;;
733795622354664;1;;
733795622366262;2;;
733795622372060;3;;
733795622381100;33;;
733795622392801;6;;
733795622393495;1;;
733795622405208;2;;
733795622410995;3;;
733795622413901;36;;
733795622425602;6;;
733795622426412;1;;
733795622438009;2;;
733795622443796;3;;
733795622472431;33;;
733795622484016;6;;
733795622484954;1;;
733795622496539;2;;
733795622502338;3;;
733795622505926;35;;
733795622517523;6;;
733795622517870;1;;
733795622529456;2;;
733795622535255;3;;
733795622541748;36;;
733795622553449;6;;
733795622554144;1;;
733795622565741;2;;
733795622571528;3;;
733795622575706;36;;
733795622587292;6;;
733795622587755;1;;
733795622599468;2;;
733795622605266;3;;
733795622609664;35;;
733795622621262;6;;
733795622621725;1;;
733795622633426;2;;
733795622639225;3;;
733795622643623;36;;
733795622655336;6;;
733795622656493;1;;
733795622668079;2;;
733795622673877;3;;
733795622689757;34;;
733795622701458;6;;
733795622702280;1;;
733795622713981;2;;
733795622719780;3;;
733795622724294;34;;
733795622736007;6;;
733795622737049;1;;
733795622748634;2;;
733795622754433;3;;
733795622790833;33;;
733795622802419;6;;
733795622803692;1;;
733795622815289;2;;
733795622821076;3;;
733795622826065;33;;
733795622837651;6;;
733795622838472;1;;
733795622850058;2;;
733795622855856;3;;
733795622859676;36;;
733795622871273;6;;
733795622872083;1;;
733795622883669;2;;
733795622889468;3;;
733795622894560;36;;
733795622906157;6;;
733795622907199;1;;
733795622918785;2;;
733795622924583;3;;
733795622971991;34;;
733795622983704;6;;
733795622984398;1;;
733795622996100;2;;
733795623001898;3;;
733795623005370;36;;
733795623016968;6;;
733795623017894;1;;
733795623029479;2;;
733795623035278;3;;
733795623038866;34;;
733795623050463;6;;
733795623050926;1;;
733795623062512;2;;
733795623068310;3;;
733795623076308;35;;
733795623087894;6;;
733795623088947;1;;
733795623100533;2;;
733795623106331;3;;
733795623112824;34;;
733795623124525;6;;
733795623125567;1;;
733795623137164;2;;
733795623142951;3;;
733795623168102;34;;
733795623179699;6;;
733795623180162;1;;
733795623191748;2;;
733795623197546;3;;
733795623201146;35;;
733795623212732;6;;
733795623213426;1;;
733795623225023;2;;
733795623230810;3;;
733795623246921;33;;
733795623258519;6;;
733795623259676;1;;
733795623271262;2;;
733795623277060;3;;
733795623291551;34;;
733795623303252;6;;
733795623303715;1;;
733795623315313;2;;
733795623321100;3;;
733795623327477;33;;
733795623339074;6;;
733795623339537;1;;
733795623351123;2;;
733795623356921;3;;
733795623360278;34;;
733795623371875;6;;
733795623372338;1;;
733795623384039;2;;
733795623389838;3;;
733795623434120;34;;
733795623445706;6;;
733795623446863;1;;
733795623458461;2;;
733795623464248;3;;
733795623469815;33;;
733795623481400;6;;
733795623482095;1;;
733795623493692;2;;
733795623499491;3;;
733795623527882;34;;
733795623539595;6;;
733795623540521;1;;
733795623552222;2;;
733795623558021;3;;
733795623568681;36;;
733795623580278;6;;
733795623580972;1;;
733795623592558;2;;
733795623598357;3;;
733795623601597;35;;
733795623613195;6;;
733795623613889;1;;
733795623625475;2;;
733795623631273;3;;
733795623635799;34;;
733795623647384;6;;
733795623648310;1;;
733795623659907;2;;
733795623665695;3;;
733795623669063;33;;
733795623680648;6;;
733795623681111;1;;
733795623692824;2;;
733795623698611;3;;
733795623702905;36;;
733795623714491;6;;
733795623715417;1;;
733795623727014;2;;
733795623732813;3;;
733795623763982;32;;
733795623775579;6;;
733795623776389;1;;
733795623787975;2;;
733795623793773;3;;
733795623799109;33;;
733795623810810;6;;
733795623811968;1;;
733795623823565;2;;
733795623829363;3;;
733795623841991;33;;
733795623853704;6;;
733795623854977;1;;
733795623866563;2;;
733795623872361;3;;
733795623878738;34;;
733795623890324;6;;
733795623891019;1;;
733795623902732;2;;
733795623908519;3;;
733795623917454;34;;
733795623929039;6;;
733795623929850;1;;
733795623941447;2;;
733795623947234;3;;
733795623951181;36;;
733795623962766;6;;
733795623963576;1;;
733795623975174;2;;
733795623980961;3;;
733795623985949;35;;
733795623997546;6;;
733795623998009;1;;
733795624009595;2;;
733795624015394;3;;
733795624036482;34;;
733795624048079;6;;
733795624048773;1;;
733795624060475;2;;
733795624066273;3;;
733795624071609;34;;
733795624083194;6;;
733795624084236;1;;
733795624095833;2;;
733795624101620;3;;
733795624123762;34;;
733795624135359;6;;
733795624136285;1;;
733795624147870;2;;
733795624153669;3;;
733795624161204;35;;
733795624172789;6;;
733795624174063;1;;
733795624185660;2;;
733795624191458;3;;
733795624205706;34;;
733795624217303;6;;
733795624218345;1;;
733795624230046;2;;
733795624235845;3;;
733795624239445;33;;
733795624251030;6;;
733795624251840;1;;
733795624263438;2;;
733795624269225;3;;
733795624276296;34;;
733795624287894;6;;
733795624288704;1;;
733795624300289;2;;
733795624306088;3;;
733795624325208;34;;
733795624336921;6;;
733795624337732;1;;
733795624349317;2;;
733795624355116;3;;
733795624359167;34;;
733795624370764;6;;
733795624371458;1;;
733795624383044;2;;
733795624388843;3;;
733795624404028;34;;
733795624415614;6;;
733795624416435;1;;
733795624428021;2;;
733795624433819;3;;
733795624439954;32;;
733795624451551;6;;
733795624452245;1;;
733795624463831;2;;
733795624469630;3;;
733795624512870;33;;
733795624524456;6;;
733795624525035;1;;
733795624536736;2;;
733795624542535;3;;
733795624546366;34;;
733795624557951;6;;
733795624559225;1;;
733795624570822;2;;
733795624576609;3;;
733795624598634;34;;
733795624610232;6;;
733795624611273;1;;
733795624622975;2;;
733795624628773;3;;
733795624663657;34;;
733795624675370;6;;
733795624676065;1;;
733795624687651;2;;
733795624693449;3;;
733795624758820;33;;
733795624770417;6;;
733795624770880;1;;
733795624782465;2;;
733795624788264;3;;
733795624793009;34;;
733795624804606;6;;
733795624805185;1;;
733795624816887;2;;
733795624822685;3;;
733795624829526;33;;
733795624841111;6;;
733795624841921;1;;
733795624853634;2;;
733795624859433;3;;
733795624863831;36;;
733795624875428;6;;
733795624876470;1;;
733795624888056;2;;
733795624893854;3;;
733795624900000;34;;
733795624911586;6;;
733795624912743;1;;
733795624924340;2;;
733795624930127;3;;
733795624937199;35;;
733795624948912;6;;
733795624949607;1;;
733795624961192;2;;
733795624966991;3;;
733795624977766;34;;
733795624989364;6;;
733795624989826;1;;
733795625001528;2;;
733795625007326;3;;
733795625012662;34;;
733795625024248;6;;
733795625025174;1;;
733795625036771;2;;
733795625042558;3;;
733795625090775;33;;
733795625102373;6;;
733795625103067;1;;
733795625114653;2;;
733795625120452;3;;
733795625123345;34;;
733795625135058;6;;
733795625136678;1;;
733795625148264;2;;
733795625154063;3;;
733795625169479;33;;
733795625181192;6;;
733795625182002;1;;
733795625193588;2;;
733795625199387;3;;
733795625203669;33;;
733795625215266;6;;
733795625215266;66;;
