735323432565197;0;1,1,100,0,v5;
735323432742917;55;;
735323432755625;1;;
735323432778843;2;;
735323432785058;3;;
735323432813183;20;;
735323432824826;6;;
735323432825405;1;;
735323432848623;2;;
735323432854873;3;;
735323432867917;21;;
735323432879549;6;;
735323432880625;1;;
735323432903831;2;;
735323432910070;3;;
735323432918021;21;;
735323432929664;6;;
735323432930972;1;;
735323432954190;2;;
735323432960451;3;;
735323432974884;20;;
735323432986551;6;;
735323432987211;1;;
735323433010428;2;;
735323433016678;3;;
735323433025197;21;;
735323433036829;6;;
735323433037269;1;;
735323433060486;2;;
735323433066713;3;;
735323433079016;20;;
735323433090648;6;;
735323433091759;1;;
735323433114965;2;;
735323433120949;3;;
735323433121354;21;;
735323433132998;6;;
735323433133438;1;;
735323433156655;2;;
735323433162870;3;;
735323433180868;21;;
735323433192500;6;;
735323433193067;1;;
735323433216296;2;;
735323433222569;3;;
735323433264271;21;;
735323433275903;6;;
735323433276377;1;;
735323433299595;2;;
735323433305891;3;;
735323433316482;21;;
735323433328113;6;;
735323433328600;1;;
735323433351806;2;;
735323433358032;3;;
735323433365683;21;;
735323433377315;6;;
735323433377593;1;;
735323433400810;2;;
735323433407002;3;;
735323433413368;21;;
735323433425000;6;;
735323433425451;1;;
735323433448657;2;;
735323433454896;3;;
735323433463970;21;;
735323433475614;6;;
735323433476146;1;;
735323433499364;2;;
735323433505567;3;;
735323433519664;21;;
735323433531296;6;;
735323433532384;1;;
735323433555602;2;;
735323433561840;3;;
735323433574109;21;;
735323433585741;6;;
735323433586204;1;;
735323433609421;2;;
735323433615660;3;;
735323433625521;21;;
735323433637153;6;;
735323433637523;1;;
735323433660741;2;;
735323433667014;3;;
735323433675660;21;;
735323433687292;6;;
735323433687870;1;;
735323433711076;2;;
735323433717338;3;;
735323433730208;20;;
735323433741852;6;;
735323433742292;1;;
735323433765498;2;;
735323433771609;3;;
735323433779896;21;;
735323433791528;6;;
735323433792083;1;;
735323433815289;2;;
735323433821539;3;;
735323433833067;21;;
735323433844699;6;;
735323433845174;1;;
735323433868391;2;;
735323433874653;3;;
735323433885532;21;;
735323433897164;6;;
735323433898345;1;;
735323433921563;2;;
735323433927801;3;;
735323433935104;21;;
735323433946748;6;;
735323433947292;1;;
735323433970509;2;;
735323433976748;3;;
735323433987708;21;;
735323433999340;6;;
735323433999884;1;;
735323434023102;2;;
735323434029236;3;;
735323434037986;21;;
735323434049618;6;;
735323434050104;1;;
735323434073310;2;;
735323434079560;3;;
735323434090116;21;;
735323434101748;6;;
735323434102222;1;;
735323434125428;2;;
735323434131620;3;;
735323434143773;20;;
735323434155405;6;;
735323434156215;1;;
735323434179445;2;;
735323434185752;3;;
735323434185926;21;;
735323434197581;6;;
735323434198877;1;;
735323434222095;2;;
735323434228206;3;;
735323434230625;21;;
735323434242257;6;;
735323434244306;1;;
735323434267523;2;;
735323434273681;3;;
735323434286250;21;;
735323434297882;6;;
735323434298299;1;;
735323434321505;2;;
735323434327766;3;;
735323434345614;21;;
735323434357234;6;;
735323434358368;1;;
735323434381574;2;;
735323434387720;3;;
735323434395428;21;;
735323434407060;6;;
735323434407431;1;;
735323434430648;2;;
735323434436840;3;;
735323434446887;21;;
735323434458519;6;;
735323434458947;1;;
735323434482164;2;;
735323434488276;3;;
735323434497407;21;;
735323434509039;6;;
735323434509491;1;;
735323434532697;2;;
735323434538924;3;;
735323434548299;21;;
735323434559931;6;;
735323434560521;1;;
735323434583727;2;;
735323434589965;3;;
735323434597558;21;;
735323434609190;6;;
735323434609792;1;;
735323434633009;2;;
735323434639248;3;;
735323434648206;21;;
735323434659838;6;;
735323434661100;1;;
735323434684329;2;;
735323434690613;3;;
735323434701875;21;;
735323434713507;6;;
735323434713970;1;;
735323434737188;2;;
735323434743414;3;;
735323434752072;21;;
735323434763704;6;;
735323434764294;1;;
735323434787512;2;;
735323434793762;3;;
735323434802616;21;;
735323434814248;6;;
735323434814688;1;;
735323434837905;2;;
735323434844144;3;;
735323434851644;21;;
735323434863276;6;;
735323434863958;1;;
735323434887176;2;;
735323434893414;3;;
735323434903935;20;;
735323434915556;6;;
735323434916748;1;;
735323434939954;2;;
735323434946181;3;;
735323434952975;20;;
735323434964607;6;;
735323434965718;1;;
735323434988935;2;;
735323434995162;3;;
735323435003403;21;;
735323435015035;6;;
735323435015579;1;;
735323435038796;2;;
735323435045127;3;;
735323435065810;20;;
735323435077442;6;;
735323435078577;1;;
735323435101794;2;;
735323435108021;3;;
735323435120394;21;;
735323435132026;6;;
735323435132697;1;;
735323435155926;2;;
735323435162176;3;;
735323435174421;21;;
735323435186053;6;;
735323435186493;1;;
735323435209711;2;;
735323435215972;3;;
735323435227512;20;;
735323435239144;6;;
735323435239688;1;;
735323435262905;2;;
735323435269132;3;;
735323435278195;20;;
735323435289826;6;;
735323435290359;1;;
735323435313576;2;;
735323435319803;3;;
735323435338183;21;;
735323435349815;6;;
735323435350417;1;;
735323435373646;2;;
735323435379873;3;;
735323435391991;20;;
735323435403623;6;;
735323435404259;1;;
735323435427465;2;;
735323435433692;3;;
735323435444526;20;;
735323435456157;6;;
735323435456875;1;;
735323435480093;2;;
735323435486204;3;;
735323435496134;21;;
735323435507778;6;;
735323435508403;1;;
735323435531620;2;;
735323435537870;3;;
735323435548553;21;;
735323435560220;6;;
735323435560625;1;;
735323435583843;2;;
735323435590162;3;;
735323435602141;21;;
735323435613773;6;;
735323435614676;1;;
735323435637894;2;;
735323435644132;3;;
735323435653194;21;;
735323435664826;6;;
735323435665359;1;;
735323435688576;2;;
735323435694815;3;;
735323435701829;21;;
735323435713461;6;;
735323435713970;1;;
735323435737176;2;;
735323435743414;3;;
735323435749560;21;;
735323435761192;6;;
735323435761574;1;;
735323435784792;2;;
735323435790764;3;;
735323435798438;21;;
735323435810069;6;;
735323435810509;1;;
735323435833727;2;;
735323435839954;3;;
735323435848576;21;;
735323435860208;6;;
735323435860741;1;;
735323435883947;2;;
735323435890266;3;;
735323435896771;21;;
735323435908403;6;;
735323435908866;1;;
735323435932083;2;;
735323435938252;3;;
735323435946678;21;;
735323435958310;6;;
735323435959456;1;;
735323435982674;2;;
735323435988901;3;;
735323435997882;20;;
735323436009514;6;;
735323436010151;1;;
735323436033357;2;;
735323436039595;3;;
735323436046528;21;;
735323436058160;6;;
735323436058738;1;;
735323436081945;2;;
735323436088206;3;;
735323436096458;20;;
735323436108090;6;;
735323436108461;1;;
735323436131678;2;;
735323436137627;3;;
735323436145012;21;;
735323436156644;6;;
735323436157361;1;;
735323436180590;2;;
735323436186817;3;;
735323436194838;21;;
735323436206470;6;;
735323436207025;1;;
735323436230243;2;;
735323436236470;3;;
735323436245451;21;;
735323436257083;6;;
735323436258229;1;;
735323436281458;2;;
735323436287558;3;;
735323436295382;20;;
735323436307014;6;;
735323436307581;1;;
735323436330799;2;;
735323436337095;3;;
735323436346123;21;;
735323436357755;6;;
735323436358299;1;;
735323436381528;2;;
735323436387824;3;;
735323436397674;21;;
735323436409306;6;;
735323436409907;1;;
735323436433125;2;;
735323436439306;3;;
735323436449109;20;;
735323436460741;6;;
735323436461227;1;;
735323436484421;2;;
735323436490648;3;;
735323436497940;21;;
735323436509572;6;;
735323436510174;1;;
735323436533380;2;;
735323436539618;3;;
735323436551401;21;;
735323436563033;6;;
735323436564213;1;;
735323436587442;2;;
735323436593750;3;;
735323436603310;21;;
735323436614942;6;;
735323436615417;1;;
735323436638634;2;;
735323436644850;3;;
735323436655440;21;;
735323436667083;6;;
735323436667674;1;;
735323436690891;2;;
735323436697211;3;;
735323436706088;21;;
735323436717720;6;;
735323436718380;1;;
735323436741586;2;;
735323436747882;3;;
735323436754780;21;;
735323436766412;6;;
735323436767569;1;;
735323436790810;2;;
735323436796945;3;;
735323436805776;21;;
735323436817407;6;;
735323436818310;1;;
735323436841539;2;;
735323436847894;3;;
735323436856644;21;;
735323436868276;6;;
735323436869028;1;;
735323436892257;2;;
735323436898588;3;;
735323436909016;21;;
735323436920648;6;;
735323436921296;1;;
735323436944502;2;;
735323436950451;3;;
735323436968634;21;;
735323436980278;6;;
735323436981157;1;;
735323437004375;2;;
735323437010509;3;;
735323437021817;20;;
735323437033449;6;;
735323437033970;1;;
735323437057188;2;;
735323437063495;3;;
735323437081551;21;;
735323437093183;6;;
735323437094433;1;;
735323437117650;2;;
735323437123935;3;;
735323437133357;21;;
735323437144989;6;;
735323437145509;1;;
735323437168727;2;;
735323437174989;3;;
735323437185984;21;;
735323437197616;6;;
735323437198183;1;;
735323437221412;2;;
735323437227488;3;;
735323437245729;21;;
735323437257361;6;;
735323437257986;1;;
735323437281204;2;;
735323437287477;3;;
735323437297894;21;;
735323437309526;6;;
735323437310151;1;;
735323437333368;2;;
735323437339607;3;;
735323437352928;20;;
735323437364549;6;;
735323437365278;1;;
735323437388484;2;;
735323437394468;3;;
735323437409352;20;;
735323437420984;6;;
735323437421620;1;;
735323437444838;2;;
735323437451076;3;;
735323437461748;21;;
735323437473380;6;;
735323437474016;1;;
735323437497222;2;;
735323437503623;3;;
735323437521262;21;;
735323437532894;6;;
735323437533426;1;;
735323437556632;2;;
735323437562859;3;;
735323437578495;21;;
735323437590139;6;;
735323437590694;1;;
735323437613912;2;;
735323437620151;3;;
735323437629410;21;;
735323437641042;6;;
735323437641690;1;;
735323437664907;2;;
735323437671181;3;;
735323437681169;21;;
735323437692801;6;;
735323437693877;1;;
735323437717095;2;;
735323437723310;3;;
735323437732720;20;;
735323437744352;6;;
735323437745266;1;;
735323437768495;2;;
735323437774699;3;;
735323437785370;21;;
735323437797002;6;;
735323437797651;1;;
735323437820857;2;;
735323437827107;3;;
735323437837326;20;;
735323437848958;6;;
735323437849352;1;;
735323437872569;2;;
735323437878831;3;;
735323437887442;20;;
735323437899074;6;;
735323437899653;1;;
735323437922859;2;;
735323437929144;3;;
735323437940544;21;;
735323437952176;6;;
735323437953391;1;;
735323437976620;2;;
735323437982917;3;;
735323437992523;21;;
735323438004155;6;;
735323438004167;66;;
