735323450173414;0;1,2,200,0,v5;
735323450269907;55;;
735323450282569;1;;
735323450305776;2;;
735323450312014;3;;
735323450336713;31;;
735323450348345;6;;
735323450348901;1;;
735323450372130;2;;
735323450378229;3;;
735323450403611;35;;
735323450415243;6;;
735323450415741;1;;
735323450438947;2;;
735323450445301;3;;
735323450487836;33;;
735323450499468;6;;
735323450500000;1;;
735323450523218;2;;
735323450529653;3;;
735323450539259;36;;
735323450550891;6;;
735323450551377;1;;
735323450574583;2;;
735323450581007;3;;
735323450599919;36;;
735323450611551;6;;
735323450611921;1;;
735323450635139;2;;
735323450641435;3;;
735323450652373;36;;
735323450664016;6;;
735323450664664;1;;
735323450687870;2;;
735323450694248;3;;
735323450722975;31;;
735323450734607;6;;
735323450735127;1;;
735323450758357;2;;
735323450764745;3;;
735323450796354;34;;
735323450807986;6;;
735323450808438;1;;
735323450831655;2;;
735323450837755;3;;
735323450852500;36;;
735323450864132;6;;
735323450864549;1;;
735323450887766;2;;
735323450894317;3;;
735323450908773;36;;
735323450920405;6;;
735323450920891;1;;
735323450944109;2;;
735323450950463;3;;
735323450960081;36;;
735323450971713;6;;
735323450972292;1;;
735323450995509;2;;
735323451001840;3;;
735323451031840;31;;
735323451043472;6;;
735323451044097;1;;
735323451067315;2;;
735323451073727;3;;
735323451087639;31;;
735323451099271;6;;
735323451099745;1;;
735323451122963;2;;
735323451129317;3;;
735323451147153;32;;
735323451158785;6;;
735323451159213;1;;
735323451182442;2;;
735323451188739;3;;
735323451214861;33;;
735323451226493;6;;
735323451227072;1;;
735323451250278;2;;
735323451256713;3;;
735323451268704;33;;
735323451280336;6;;
735323451280613;1;;
735323451303819;2;;
735323451310208;3;;
735323451319317;36;;
735323451330949;6;;
735323451331921;1;;
735323451355139;2;;
735323451361539;3;;
735323451382998;32;;
735323451394630;6;;
735323451394931;1;;
735323451418148;2;;
735323451424479;3;;
735323451450833;36;;
735323451462465;6;;
735323451462917;1;;
735323451486123;2;;
735323451492523;3;;
735323451511493;36;;
735323451523125;6;;
735323451523623;1;;
735323451546852;2;;
735323451553380;3;;
735323451570324;36;;
735323451581956;6;;
735323451583090;1;;
735323451606308;2;;
735323451612662;3;;
735323451630185;32;;
735323451641817;6;;
735323451642361;1;;
735323451665579;2;;
735323451671991;3;;
735323451682882;36;;
735323451694514;6;;
735323451696192;1;;
735323451719398;2;;
735323451725776;3;;
735323451738935;31;;
735323451750579;6;;
735323451751065;1;;
735323451774294;2;;
735323451780706;3;;
735323451809560;33;;
735323451821192;6;;
735323451821632;1;;
735323451844850;2;;
735323451851204;3;;
735323451862836;33;;
735323451874479;6;;
735323451874965;1;;
735323451898183;2;;
735323451904294;3;;
735323451913114;32;;
735323451924745;6;;
735323451925116;1;;
735323451948333;2;;
735323451954676;3;;
735323451987917;34;;
735323451999549;6;;
735323452000081;1;;
735323452023299;2;;
735323452029676;3;;
735323452047558;36;;
735323452059190;6;;
735323452059549;1;;
735323452082778;2;;
735323452089016;3;;
735323452098773;32;;
735323452110394;6;;
735323452110764;1;;
735323452133982;2;;
735323452140405;3;;
735323452162813;31;;
735323452174445;6;;
735323452174780;1;;
735323452197986;2;;
735323452204340;3;;
735323452216100;36;;
735323452227732;6;;
735323452228438;1;;
735323452251655;2;;
735323452258090;3;;
735323452267662;31;;
735323452279294;6;;
735323452280313;1;;
735323452303530;2;;
735323452309884;3;;
735323452319919;32;;
735323452331551;6;;
735323452332037;1;;
735323452355255;2;;
735323452361620;3;;
735323452396574;34;;
735323452408206;6;;
735323452408692;1;;
735323452431910;2;;
735323452438032;3;;
735323452456343;36;;
735323452467975;6;;
735323452468530;1;;
735323452491736;2;;
735323452498079;3;;
735323452510336;32;;
735323452521968;6;;
735323452522338;1;;
735323452545556;2;;
735323452551887;3;;
735323452561910;31;;
735323452573542;6;;
735323452573785;1;;
735323452597002;2;;
735323452603310;3;;
735323452612558;36;;
735323452624190;6;;
735323452624734;1;;
735323452647940;2;;
735323452654329;3;;
735323452670949;31;;
735323452682581;6;;
735323452683067;1;;
735323452706285;2;;
735323452712650;3;;
735323452744711;34;;
735323452756343;6;;
735323452756979;1;;
735323452780208;2;;
735323452786308;3;;
735323452793982;31;;
735323452805613;6;;
735323452806123;1;;
735323452829340;2;;
735323452835613;3;;
735323452863704;32;;
735323452875336;6;;
735323452875787;1;;
735323452899005;2;;
735323452905370;3;;
735323452921169;32;;
735323452932801;6;;
735323452933218;1;;
735323452956435;2;;
735323452962697;3;;
735323452976794;32;;
735323452988426;6;;
735323452988634;1;;
735323453011852;2;;
735323453018218;3;;
735323453020266;32;;
735323453031898;6;;
735323453032384;1;;
735323453055590;2;;
735323453061933;3;;
735323453084074;32;;
735323453095706;6;;
735323453096019;1;;
735323453119236;2;;
735323453125475;3;;
735323453148588;35;;
735323453160220;6;;
735323453160660;1;;
735323453183901;2;;
735323453190313;3;;
735323453210903;32;;
735323453222535;6;;
735323453223171;1;;
735323453246401;2;;
735323453252627;3;;
735323453287778;33;;
735323453299410;6;;
735323453299769;1;;
735323453322986;2;;
735323453329317;3;;
735323453338750;36;;
735323453350382;6;;
735323453350833;1;;
735323453374063;2;;
735323453380382;3;;
735323453381528;32;;
735323453393160;6;;
735323453393819;1;;
735323453417026;2;;
735323453423414;3;;
735323453439780;36;;
735323453451412;6;;
735323453452095;1;;
735323453475313;2;;
735323453481690;3;;
735323453491898;36;;
735323453503542;6;;
735323453503935;1;;
735323453527141;2;;
735323453533495;3;;
735323453545417;36;;
735323453557049;6;;
735323453557326;1;;
735323453580556;2;;
735323453586956;3;;
735323453595926;35;;
735323453607558;6;;
735323453608090;1;;
735323453631308;2;;
735323453637662;3;;
735323453646887;31;;
735323453658519;6;;
735323453658819;1;;
735323453682037;2;;
735323453688357;3;;
735323453698658;36;;
735323453710289;6;;
735323453711296;1;;
735323453734526;2;;
735323453740764;3;;
735323453792963;34;;
735323453804595;6;;
735323453805278;1;;
735323453828495;2;;
735323453834803;3;;
735323453840232;31;;
735323453851863;6;;
735323453852222;1;;
735323453875440;2;;
735323453881771;3;;
735323453881944;34;;
735323453893600;6;;
735323453894074;1;;
735323453917303;2;;
735323453923727;3;;
735323453931169;36;;
735323453942801;6;;
735323453943368;1;;
735323453966574;2;;
735323453973032;3;;
735323453991389;32;;
735323454003021;6;;
735323454003495;1;;
735323454026713;2;;
735323454033125;3;;
735323454040498;31;;
735323454052130;6;;
735323454052755;1;;
735323454075961;2;;
735323454082384;3;;
735323454098160;31;;
735323454109803;6;;
735323454110185;1;;
735323454133391;2;;
735323454139688;3;;
735323454146806;32;;
735323454158438;6;;
735323454158819;1;;
735323454182037;2;;
735323454188368;3;;
735323454207720;32;;
735323454219352;6;;
735323454219861;1;;
735323454243079;2;;
735323454249456;3;;
735323454259595;36;;
735323454271227;6;;
735323454271609;1;;
735323454294815;2;;
735323454301192;3;;
735323454308241;36;;
735323454319873;6;;
735323454320185;1;;
735323454343403;2;;
735323454349757;3;;
735323454355197;32;;
735323454366829;6;;
735323454367384;1;;
735323454390602;2;;
735323454397014;3;;
735323454418264;31;;
735323454429896;6;;
735323454430532;1;;
735323454453750;2;;
735323454460127;3;;
735323454464711;31;;
735323454476343;6;;
735323454477454;1;;
735323454500660;2;;
735323454507083;3;;
735323454522616;31;;
735323454534248;6;;
735323454534803;1;;
735323454558021;2;;
735323454564375;3;;
735323454584444;32;;
735323454596076;6;;
735323454596574;1;;
735323454619792;2;;
735323454626250;3;;
735323454642106;36;;
735323454653738;6;;
735323454654491;1;;
735323454677697;2;;
735323454683796;3;;
735323454693195;31;;
735323454704826;6;;
735323454705938;1;;
735323454729155;2;;
735323454735567;3;;
735323454755718;33;;
735323454767350;6;;
735323454767813;1;;
735323454791042;2;;
735323454797338;3;;
735323454822060;33;;
735323454833692;6;;
735323454834271;1;;
735323454857488;2;;
735323454863576;3;;
735323454896956;34;;
735323454908588;6;;
735323454909109;1;;
735323454932315;2;;
735323454938692;3;;
735323454972188;31;;
735323454983819;6;;
735323454984201;1;;
735323455007442;2;;
735323455013727;3;;
735323455035428;33;;
735323455047060;6;;
735323455047651;1;;
735323455070868;2;;
735323455077234;3;;
735323455092870;31;;
735323455104502;6;;
735323455105127;1;;
735323455128345;2;;
735323455134583;3;;
735323455148113;31;;
735323455159745;6;;
735323455160174;1;;
735323455183391;2;;
735323455189699;3;;
735323455197130;32;;
735323455208762;6;;
735323455209097;1;;
735323455232315;2;;
735323455238692;3;;
735323455259421;35;;
735323455271065;6;;
735323455271620;1;;
735323455294838;2;;
735323455301204;3;;
735323455323461;32;;
735323455335093;6;;
735323455335509;1;;
735323455358727;2;;
735323455365081;3;;
735323455375833;36;;
735323455387465;6;;
735323455387674;1;;
735323455410903;2;;
735323455417188;3;;
735323455436632;33;;
735323455448275;6;;
735323455449387;1;;
735323455472604;2;;
735323455478970;3;;
735323455493970;34;;
735323455505602;6;;
735323455506019;1;;
735323455529225;2;;
735323455535533;3;;
735323455540787;35;;
735323455552419;6;;
735323455552627;1;;
735323455575845;2;;
735323455582118;3;;
735323455592118;35;;
735323455603762;6;;
735323455604248;1;;
735323455627454;2;;
735323455633831;3;;
735323455642176;32;;
735323455653808;6;;
735323455654421;1;;
735323455677639;2;;
735323455683877;3;;
735323455690174;31;;
735323455701794;6;;
735323455702130;1;;
735323455725336;2;;
735323455731748;3;;
735323455739769;31;;
735323455751401;6;;
735323455752535;1;;
735323455775741;2;;
735323455782095;3;;
735323455792836;31;;
735323455804479;6;;
735323455805197;1;;
735323455828414;2;;
735323455834803;3;;
735323455853426;34;;
735323455865058;6;;
735323455865336;1;;
735323455888553;2;;
735323455894942;3;;
735323455904097;36;;
735323455915729;6;;
735323455916100;1;;
735323455939317;2;;
735323455945648;3;;
735323455970532;33;;
735323455982164;6;;
735323455982674;1;;
735323456005914;2;;
735323456012303;3;;
735323456022002;36;;
735323456033634;6;;
735323456034132;1;;
735323456057350;2;;
735323456063715;3;;
735323456071597;31;;
735323456083229;6;;
735323456083241;66;;
