733299682971169;0;2,2,200,v3;
733299683628021;55;;
733299683643206;1;;
733299683654792;2;;
733299683660590;3;;
733299683800139;35;;
733299683811736;6;;
733299683812662;1;;
733299683824248;2;;
733299683830046;3;;
733299683970289;33;;
733299683982002;6;;
733299683986053;1;;
733299683997651;2;;
733299684003438;3;;
733299684186921;32;;
733299684198519;6;;
733299684199329;1;;
733299684210914;2;;
733299684216713;3;;
733299684320104;33;;
733299684331690;6;;
733299684332153;1;;
733299684343750;2;;
733299684349537;3;;
733299684365301;36;;
733299684376898;6;;
733299684380486;1;;
733299684392083;2;;
733299684397870;3;;
733299684405637;36;;
733299684417234;6;;
733299684418391;1;;
733299684429977;2;;
733299684435776;3;;
733299684479479;36;;
733299684491065;6;;
733299684491528;1;;
733299684503125;2;;
733299684508912;3;;
733299684669329;36;;
733299684680926;6;;
733299684681852;1;;
733299684693438;2;;
733299684699236;3;;
733299684712338;36;;
733299684724039;6;;
733299684724387;1;;
733299684735972;2;;
733299684741771;3;;
733299684763912;36;;
733299684775614;6;;
733299684779329;1;;
733299684790914;2;;
733299684796713;3;;
733299684843889;34;;
733299684855475;6;;
733299684856632;1;;
733299684868229;2;;
733299684874028;3;;
733299684950058;33;;
733299684961655;6;;
733299684962465;1;;
733299684974051;2;;
733299684979850;3;;
733299685020070;34;;
733299685031771;6;;
733299685032697;1;;
733299685044294;2;;
733299685050093;3;;
733299685125428;33;;
733299685137014;6;;
733299685137477;1;;
733299685149074;2;;
733299685154873;3;;
733299685166343;36;;
733299685177928;6;;
733299685178982;1;;
733299685190567;2;;
733299685196366;3;;
733299685228588;34;;
733299685240174;6;;
733299685240984;1;;
733299685252581;2;;
733299685258368;3;;
733299685288739;33;;
733299685300336;6;;
733299685300914;1;;
733299685312500;2;;
733299685318299;3;;
733299685349132;35;;
733299685360718;6;;
733299685361528;1;;
733299685373125;2;;
733299685378912;3;;
733299685395370;36;;
733299685406968;6;;
733299685407778;1;;
733299685419363;2;;
733299685425162;3;;
733299685439074;36;;
733299685450660;6;;
733299685451238;1;;
733299685462836;2;;
733299685468634;3;;
733299685487292;35;;
733299685498877;6;;
733299685502708;1;;
733299685514294;2;;
733299685520093;3;;
733299685528322;36;;
733299685539907;6;;
733299685540370;1;;
733299685551968;2;;
733299685557766;3;;
733299685565532;36;;
733299685577118;6;;
733299685578044;1;;
733299685589641;2;;
733299685595428;3;;
733299685615023;34;;
733299685626609;6;;
733299685627419;1;;
733299685639016;2;;
733299685644803;3;;
733299685661609;36;;
733299685673322;6;;
733299685674363;1;;
733299685686076;2;;
733299685691863;3;;
733299685715278;35;;
733299685726875;6;;
733299685727801;1;;
733299685739387;2;;
733299685745185;3;;
733299685767789;33;;
733299685779375;6;;
733299685780185;1;;
733299685791898;2;;
733299685797685;3;;
733299685823426;34;;
733299685835012;6;;
733299685835938;1;;
733299685847535;2;;
733299685853322;3;;
733299685863530;36;;
733299685875116;6;;
733299685875926;1;;
733299685887639;2;;
733299685893426;3;;
733299685944549;35;;
733299685956250;6;;
733299685957060;1;;
733299685968657;2;;
733299685974445;3;;
733299685997512;36;;
733299686009109;6;;
733299686010035;1;;
733299686021620;2;;
733299686027419;3;;
733299686040405;33;;
733299686051991;6;;
733299686052917;1;;
733299686064514;2;;
733299686070301;3;;
733299686096030;33;;
733299686107743;6;;
733299686108785;1;;
733299686120498;2;;
733299686126285;3;;
733299686137651;35;;
733299686149352;6;;
733299686150046;1;;
733299686161759;2;;
733299686167546;3;;
733299686184236;35;;
733299686195833;6;;
733299686196644;1;;
733299686208229;2;;
733299686214028;3;;
733299686247176;34;;
733299686258889;6;;
733299686259815;1;;
733299686271400;2;;
733299686277199;3;;
733299686335266;34;;
733299686346979;6;;
733299686347326;1;;
733299686358912;2;;
733299686364711;3;;
733299686374097;36;;
733299686385683;6;;
733299686386505;1;;
733299686398090;2;;
733299686403889;3;;
733299686491516;36;;
733299686503102;6;;
733299686503565;1;;
733299686515278;2;;
733299686521065;3;;
733299686535440;33;;
733299686547026;6;;
733299686547616;1;;
733299686559201;2;;
733299686565000;3;;
733299686574965;36;;
733299686586551;6;;
733299686588414;1;;
733299686600000;2;;
733299686605799;3;;
733299686620984;35;;
733299686632569;6;;
733299686633380;1;;
733299686644977;2;;
733299686650764;3;;
733299686665602;36;;
733299686677199;6;;
733299686678357;1;;
733299686689942;2;;
733299686695741;3;;
733299686732373;33;;
733299686743958;6;;
733299686745463;1;;
733299686757060;2;;
733299686762847;3;;
733299686788345;33;;
733299686799942;6;;
733299686800752;1;;
733299686812338;2;;
733299686818137;3;;
733299686836794;36;;
733299686848391;6;;
733299686849201;1;;
733299686860787;2;;
733299686866586;3;;
733299686896840;36;;
733299686908426;6;;
733299686912373;1;;
733299686923958;2;;
733299686929757;3;;
733299686938449;36;;
733299686950162;6;;
733299686950857;1;;
733299686962442;2;;
733299686968241;3;;
733299686975660;36;;
733299686987245;6;;
733299686987940;1;;
733299686999537;2;;
733299687005324;3;;
733299687018195;32;;
733299687029896;6;;
733299687030370;1;;
733299687041956;2;;
733299687047755;3;;
733299687071516;36;;
733299687083218;6;;
733299687084259;1;;
733299687095857;2;;
733299687101644;3;;
733299687127500;35;;
733299687139086;6;;
733299687139896;1;;
733299687151493;2;;
733299687157280;3;;
733299687167026;36;;
733299687178727;6;;
733299687179190;1;;
733299687190775;2;;
733299687196574;3;;
733299687202951;36;;
733299687214537;6;;
733299687215359;1;;
733299687226945;2;;
733299687232743;3;;
733299687248970;33;;
733299687260556;6;;
733299687261713;1;;
733299687273310;2;;
733299687279097;3;;
733299687285938;33;;
733299687297535;6;;
733299687298229;1;;
733299687309931;2;;
733299687315729;3;;
733299687333808;31;;
733299687345405;6;;
733299687345868;1;;
733299687357454;2;;
733299687363252;3;;
733299687408692;32;;
733299687420278;6;;
733299687420741;1;;
733299687432442;2;;
733299687438241;3;;
733299687448090;36;;
733299687459803;6;;
733299687461076;1;;
733299687472662;2;;
733299687478461;3;;
733299687509641;35;;
733299687521354;6;;
733299687522049;1;;
733299687533634;2;;
733299687539433;3;;
733299687581620;32;;
733299687593206;6;;
733299687594144;1;;
733299687605845;2;;
733299687611644;3;;
733299687646991;36;;
733299687658588;6;;
733299687659282;1;;
733299687670868;2;;
733299687676667;3;;
733299687710046;36;;
733299687721632;6;;
733299687722338;1;;
733299687734039;2;;
733299687739838;3;;
733299687761273;36;;
733299687772870;6;;
733299687774028;1;;
733299687785614;2;;
733299687791412;3;;
733299687801030;36;;
733299687812627;6;;
733299687813090;1;;
733299687824792;2;;
733299687830590;3;;
733299687839051;36;;
733299687850637;6;;
733299687851690;1;;
733299687863275;2;;
733299687869074;3;;
733299687888310;31;;
733299687900023;6;;
733299687900833;1;;
733299687912419;2;;
733299687918218;3;;
733299687940475;35;;
733299687952176;6;;
733299687953449;1;;
733299687965046;2;;
733299687970833;3;;
733299687995995;36;;
733299688007581;6;;
733299688008854;1;;
733299688020451;2;;
733299688026239;3;;
733299688054410;36;;
733299688065995;6;;
733299688066806;1;;
733299688078403;2;;
733299688084190;3;;
733299688096482;36;;
733299688108067;6;;
733299688108889;1;;
733299688120475;2;;
733299688126273;3;;
733299688134155;36;;
733299688145741;6;;
733299688146551;1;;
733299688158148;2;;
733299688163935;3;;
733299688189792;36;;
733299688201377;6;;
733299688201840;1;;
733299688213438;2;;
733299688219225;3;;
733299688234873;32;;
733299688246470;6;;
733299688247975;1;;
733299688259560;2;;
733299688265359;3;;
733299688271389;36;;
733299688282975;6;;
733299688284016;1;;
733299688295613;2;;
733299688301401;3;;
733299688307431;36;;
733299688319028;6;;
733299688319954;1;;
733299688331539;2;;
733299688337338;3;;
733299688362373;32;;
733299688374074;6;;
733299688375359;1;;
733299688386945;2;;
733299688392743;3;;
733299688400509;36;;
733299688412095;6;;
733299688413252;1;;
733299688424850;2;;
733299688430648;3;;
733299688470394;33;;
733299688481991;6;;
733299688482917;1;;
733299688494502;2;;
733299688500301;3;;
733299688523021;36;;
733299688534607;6;;
733299688535428;1;;
733299688547014;2;;
733299688552813;3;;
733299688579468;35;;
733299688591053;6;;
733299688591875;1;;
733299688603461;2;;
733299688609259;3;;
733299688617026;36;;
733299688628611;6;;
733299688629306;1;;
733299688640903;2;;
733299688646690;3;;
733299688653414;36;;
733299688665127;6;;
733299688666401;1;;
733299688677986;2;;
733299688683785;3;;
733299688689931;36;;
733299688701516;6;;
733299688702326;1;;
733299688713924;2;;
733299688719711;3;;
733299688733623;36;;
733299688745220;6;;
733299688745914;1;;
733299688757616;2;;
733299688763414;3;;
733299688784039;32;;
733299688795637;6;;
733299688797373;1;;
733299688808970;2;;
733299688814757;3;;
733299688823912;36;;
733299688835509;6;;
733299688836667;1;;
733299688848252;2;;
733299688854051;3;;
733299688897164;35;;
733299688908877;6;;
733299688909572;1;;
733299688921273;2;;
733299688927072;3;;
733299688946782;36;;
733299688958368;6;;
733299688958831;1;;
733299688970428;2;;
733299688976215;3;;
733299688994769;35;;
733299689006470;6;;
733299689006933;1;;
733299689018530;2;;
733299689024317;3;;
733299689033820;32;;
733299689045532;6;;
733299689046458;1;;
733299689058044;2;;
733299689063843;3;;
733299689070914;36;;
733299689082627;6;;
733299689083785;1;;
733299689095370;2;;
733299689101169;3;;
733299689106609;36;;
733299689118206;6;;
733299689119363;1;;
733299689131076;2;;
733299689136864;3;;
733299689156343;36;;
733299689167928;6;;
733299689168623;1;;
733299689180220;2;;
733299689186007;3;;
733299689205370;34;;
733299689216956;6;;
733299689217535;1;;
733299689229132;2;;
733299689234919;3;;
733299689296123;35;;
733299689307708;6;;
733299689308646;1;;
733299689320347;2;;
733299689326146;3;;
733299689335185;36;;
733299689346887;6;;
733299689347581;1;;
733299689359294;2;;
733299689365093;3;;
733299689403449;32;;
733299689415046;6;;
733299689416320;1;;
733299689427905;2;;
733299689433704;3;;
733299689465695;36;;
733299689477407;6;;
733299689478218;1;;
733299689489919;2;;
733299689495718;3;;
733299689504410;36;;
733299689516111;6;;
733299689516111;66;;
