733214682005683;0;2,2,200,v3;
733214682906516;55;;
733214682921817;1;;
733214682933414;2;;
733214682939201;3;;
733214683238831;34;;
733214683250417;6;;
733214683251343;1;;
733214683262940;2;;
733214683268727;3;;
733214683355544;33;;
733214683367141;6;;
733214683371192;1;;
733214683382789;2;;
733214683388576;3;;
733214683443634;35;;
733214683455232;6;;
733214683456042;1;;
733214683467627;2;;
733214683473426;3;;
733214683507384;35;;
733214683518970;6;;
733214683519444;1;;
733214683531030;2;;
733214683536829;3;;
733214683573218;36;;
733214683584931;6;;
733214683585857;1;;
733214683597442;2;;
733214683603241;3;;
733214683650995;34;;
733214683662581;6;;
733214683664097;1;;
733214683675683;2;;
733214683681482;3;;
733214683735023;33;;
733214683746620;6;;
733214683747083;1;;
733214683758669;2;;
733214683764468;3;;
733214683794722;35;;
733214683806424;6;;
733214683807350;1;;
733214683818947;2;;
733214683824734;3;;
733214683861366;35;;
733214683873067;6;;
733214683873426;1;;
733214683885012;2;;
733214683890810;3;;
733214683966377;34;;
733214683977975;6;;
733214683979016;1;;
733214683990602;2;;
733214683996401;3;;
733214684070000;33;;
733214684081586;6;;
733214684082986;1;;
733214684094572;2;;
733214684100370;3;;
733214684122153;33;;
733214684133866;6;;
733214684134676;1;;
733214684146262;2;;
733214684152060;3;;
733214684179063;35;;
733214684190660;6;;
733214684191586;1;;
733214684203171;2;;
733214684208970;3;;
733214684250695;32;;
733214684262292;6;;
733214684262639;1;;
733214684274340;2;;
733214684280139;3;;
733214684340301;32;;
733214684352002;6;;
733214684353044;1;;
733214684364641;2;;
733214684370428;3;;
733214684399757;32;;
733214684411458;6;;
733214684412269;1;;
733214684423866;2;;
733214684429664;3;;
733214684483322;35;;
733214684495035;6;;
733214684495614;1;;
733214684507199;2;;
733214684512998;3;;
733214684595174;35;;
733214684606887;6;;
733214684607697;1;;
733214684619398;2;;
733214684625197;3;;
733214684705405;35;;
733214684716991;6;;
733214684717801;1;;
733214684729398;2;;
733214684735197;3;;
733214684760347;35;;
733214684771933;6;;
733214684772512;1;;
733214684784109;2;;
733214684789896;3;;
733214684824097;34;;
733214684835683;6;;
733214684839398;1;;
733214684851100;2;;
733214684856898;3;;
733214684894097;35;;
733214684905695;6;;
733214684906157;1;;
733214684917743;2;;
733214684923542;3;;
733214684961331;35;;
733214684972917;6;;
733214684973843;1;;
733214684985440;2;;
733214684991227;3;;
733214685013947;35;;
733214685025660;6;;
733214685026470;1;;
733214685038056;2;;
733214685043854;3;;
733214685074225;34;;
733214685085810;6;;
733214685086968;1;;
733214685098565;2;;
733214685104352;3;;
733214685126146;34;;
733214685137859;6;;
733214685138785;1;;
733214685150370;2;;
733214685156169;3;;
733214685183981;33;;
733214685195579;6;;
733214685196389;1;;
733214685207975;2;;
733214685213773;3;;
733214685232662;35;;
733214685244259;6;;
733214685245185;1;;
733214685256771;2;;
733214685262570;3;;
733214685317743;33;;
733214685329329;6;;
733214685330023;1;;
733214685341620;2;;
733214685347419;3;;
733214685364919;32;;
733214685376505;6;;
733214685377315;1;;
733214685388912;2;;
733214685394711;3;;
733214685409537;36;;
733214685421134;6;;
733214685422060;1;;
733214685433762;2;;
733214685439560;3;;
733214685465984;35;;
733214685477581;6;;
733214685478738;1;;
733214685490324;2;;
733214685496123;3;;
733214685523241;32;;
733214685534838;6;;
733214685535880;1;;
733214685547465;2;;
733214685553264;3;;
733214685593484;35;;
733214685605197;6;;
733214685606007;1;;
733214685617593;2;;
733214685623391;3;;
733214685671609;36;;
733214685683310;6;;
733214685684120;1;;
733214685695718;2;;
733214685701516;3;;
733214685767118;35;;
733214685778820;6;;
733214685779977;1;;
733214685791574;2;;
733214685797373;3;;
733214685826921;34;;
733214685838634;6;;
733214685838982;1;;
733214685850567;2;;
733214685856366;3;;
733214685878738;35;;
733214685890324;6;;
733214685891019;1;;
733214685902732;2;;
733214685908519;3;;
733214685931586;35;;
733214685943183;6;;
733214685943646;1;;
733214685955347;2;;
733214685961146;3;;
733214685984213;35;;
733214685995799;6;;
733214685996262;1;;
733214686007975;2;;
733214686013762;3;;
733214686038576;36;;
733214686050162;6;;
733214686051898;1;;
733214686063611;2;;
733214686069398;3;;
733214686093623;33;;
733214686105220;6;;
733214686106030;1;;
733214686117732;2;;
733214686123530;3;;
733214686150648;34;;
733214686162245;6;;
733214686163403;1;;
733214686174988;2;;
733214686180787;3;;
733214686230857;32;;
733214686242454;6;;
733214686243843;1;;
733214686255428;2;;
733214686261227;3;;
733214686286725;31;;
733214686298322;6;;
733214686299248;1;;
733214686310833;2;;
733214686316632;3;;
733214686356736;36;;
733214686368438;6;;
733214686369259;1;;
733214686380961;2;;
733214686386759;3;;
733214686437870;36;;
733214686449468;6;;
733214686450509;1;;
733214686462095;2;;
733214686467894;3;;
733214686489919;32;;
733214686501620;6;;
733214686502315;1;;
733214686513912;2;;
733214686519699;3;;
733214686538368;35;;
733214686549954;6;;
733214686550880;1;;
733214686562477;2;;
733214686568264;3;;
733214686608484;35;;
733214686620081;6;;
733214686620428;1;;
733214686632130;2;;
733214686637928;3;;
733214686660069;32;;
733214686671655;6;;
733214686672697;1;;
733214686684294;2;;
733214686690081;3;;
733214686746528;31;;
733214686758241;6;;
733214686759051;1;;
733214686770637;2;;
733214686776435;3;;
733214686829988;31;;
733214686841574;6;;
733214686842037;1;;
733214686853634;2;;
733214686859421;3;;
733214686879248;34;;
733214686890833;6;;
733214686891528;1;;
733214686903125;2;;
733214686908924;3;;
733214686931748;31;;
733214686943345;6;;
733214686944502;1;;
733214686956088;2;;
733214686961887;3;;
733214686979271;31;;
733214686990984;6;;
733214686991563;1;;
733214687003148;2;;
733214687008947;3;;
733214687024595;31;;
733214687036181;6;;
733214687036655;1;;
733214687048241;2;;
733214687054039;3;;
733214687109213;36;;
733214687120799;6;;
733214687121262;1;;
733214687132847;2;;
733214687138646;3;;
733214687188484;35;;
733214687200197;6;;
733214687201239;1;;
733214687212824;2;;
733214687218623;3;;
733214687254097;31;;
733214687265799;6;;
733214687266493;1;;
733214687278079;2;;
733214687283877;3;;
733214687310891;31;;
733214687322477;6;;
733214687323519;1;;
733214687335116;2;;
733214687340903;3;;
733214687429456;31;;
733214687441053;6;;
733214687441748;1;;
733214687453333;2;;
733214687459132;3;;
733214687508623;31;;
733214687520220;6;;
733214687520914;1;;
733214687532500;2;;
733214687538299;3;;
733214687586632;35;;
733214687598333;6;;
733214687599259;1;;
733214687610857;2;;
733214687616655;3;;
733214687645509;32;;
733214687657106;6;;
733214687657569;1;;
733214687669155;2;;
733214687674954;3;;
733214687730706;35;;
733214687742292;6;;
733214687743333;1;;
733214687754931;2;;
733214687760718;3;;
733214687844063;32;;
733214687855648;6;;
733214687856458;1;;
733214687868056;2;;
733214687873854;3;;
733214687896447;32;;
733214687908044;6;;
733214687909317;1;;
733214687920903;2;;
733214687926701;3;;
733214687954873;32;;
733214687966458;6;;
733214687967616;1;;
733214687979213;2;;
733214687985000;3;;
733214688008877;32;;
733214688020590;6;;
733214688021285;1;;
733214688032986;2;;
733214688038785;3;;
733214688058600;31;;
733214688070197;6;;
733214688071007;1;;
733214688082593;2;;
733214688088391;3;;
733214688106123;36;;
733214688117836;6;;
733214688118414;1;;
733214688130000;2;;
733214688135799;3;;
733214688179375;35;;
733214688190972;6;;
733214688191435;1;;
733214688203021;2;;
733214688208820;3;;
733214688236065;31;;
733214688247651;6;;
733214688248229;1;;
733214688259931;2;;
733214688265729;3;;
733214688300394;36;;
733214688311979;6;;
733214688312905;1;;
733214688324502;2;;
733214688330289;3;;
733214688406100;36;;
733214688417685;6;;
733214688418611;1;;
733214688430208;2;;
733214688435995;3;;
733214688503229;35;;
733214688514815;6;;
733214688515857;1;;
733214688527569;2;;
733214688533357;3;;
733214688609861;32;;
733214688621563;6;;
733214688622616;1;;
733214688634201;2;;
733214688640000;3;;
733214688658079;31;;
733214688669664;6;;
733214688670475;1;;
733214688682072;2;;
733214688687870;3;;
733214688711401;31;;
733214688722986;6;;
733214688723796;1;;
733214688735394;2;;
733214688741181;3;;
733214688766215;35;;
733214688777813;6;;
733214688778623;1;;
733214688790208;2;;
733214688796007;3;;
733214688847581;32;;
733214688859294;6;;
733214688859989;1;;
733214688871574;2;;
733214688877373;3;;
733214688910868;32;;
733214688922465;6;;
733214688923507;1;;
733214688935093;2;;
733214688940891;3;;
733214688960833;31;;
733214688972535;6;;
733214688973345;1;;
733214688984942;2;;
733214688990729;3;;
733214689053900;31;;
733214689065613;6;;
733214689066308;1;;
733214689078009;2;;
733214689083808;3;;
733214689108611;31;;
733214689120197;6;;
733214689121597;1;;
733214689133183;2;;
733214689138982;3;;
733214689235532;31;;
733214689247118;6;;
733214689248276;1;;
733214689259873;2;;
733214689265660;3;;
733214689306111;32;;
733214689317708;6;;
733214689318403;1;;
733214689329989;2;;
733214689335787;3;;
733214689436632;33;;
733214689448218;6;;
733214689448681;1;;
733214689460278;2;;
733214689466065;3;;
733214689515324;33;;
733214689527037;6;;
733214689527500;1;;
733214689539086;2;;
733214689544884;3;;
733214689575139;32;;
733214689586840;6;;
733214689587651;1;;
733214689599364;2;;
733214689605162;3;;
733214689629502;35;;
733214689641088;6;;
733214689642130;1;;
733214689653727;2;;
733214689659514;3;;
733214689716539;32;;
733214689728137;6;;
733214689729294;1;;
733214689740995;2;;
733214689746794;3;;
733214689806609;35;;
733214689818310;6;;
733214689818889;1;;
733214689830602;2;;
733214689836389;3;;
733214689867222;32;;
733214689878819;6;;
733214689879282;1;;
733214689890984;2;;
733214689896782;3;;
733214689927963;32;;
733214689939549;6;;
733214689940475;1;;
733214689952072;2;;
733214689957859;3;;
733214689982674;31;;
733214689994259;6;;
733214689994954;1;;
733214690006539;2;;
733214690012338;3;;
733214690055347;32;;
733214690067049;6;;
733214690071100;1;;
733214690082697;2;;
733214690088495;3;;
733214690117118;32;;
733214690128715;6;;
733214690129526;1;;
733214690141111;2;;
733214690146910;3;;
733214690212049;32;;
733214690223750;6;;
733214690223750;66;;
