733214667178576;0;2,1,100,v3;
733214668300451;55;;
733214668316100;1;;
733214668327685;2;;
733214668333484;3;;
733214668361181;20;;
733214668372778;6;;
733214668373704;1;;
733214668385289;2;;
733214668391088;3;;
733214668410440;21;;
733214668422153;6;;
733214668423542;1;;
733214668435139;2;;
733214668440926;3;;
733214668474190;21;;
733214668485787;6;;
733214668487523;1;;
733214668499109;2;;
733214668504907;3;;
733214668519630;21;;
733214668531215;6;;
733214668532384;1;;
733214668544086;2;;
733214668549884;3;;
733214668559965;21;;
733214668571551;6;;
733214668573183;1;;
733214668584769;2;;
733214668590567;3;;
733214668601343;21;;
733214668612940;6;;
733214668614097;1;;
733214668625799;2;;
733214668631597;3;;
733214668643183;21;;
733214668654780;6;;
733214668655590;1;;
733214668667176;2;;
733214668672975;3;;
733214668687581;20;;
733214668699283;6;;
733214668700324;1;;
733214668711921;2;;
733214668717720;3;;
733214668747037;21;;
733214668758634;6;;
733214668759907;1;;
733214668771493;2;;
733214668777292;3;;
733214668796065;21;;
733214668807662;6;;
733214668808357;1;;
733214668819942;2;;
733214668825741;3;;
733214668847188;20;;
733214668858773;6;;
733214668859583;1;;
733214668871181;2;;
733214668876968;3;;
733214668900382;21;;
733214668911979;6;;
733214668912789;1;;
733214668924375;2;;
733214668930174;3;;
733214668947674;20;;
733214668959387;6;;
733214668960776;1;;
733214668972361;2;;
733214668978160;3;;
733214669003657;21;;
733214669015255;6;;
733214669016065;1;;
733214669027766;2;;
733214669033565;3;;
733214669054537;21;;
733214669066134;6;;
733214669066829;1;;
733214669078414;2;;
733214669084213;3;;
733214669118866;21;;
733214669130463;6;;
733214669131273;1;;
733214669142859;2;;
733214669148657;3;;
733214669161875;20;;
733214669173461;6;;
733214669174734;1;;
733214669186331;2;;
733214669192130;3;;
733214669208241;21;;
733214669219826;6;;
733214669220289;1;;
733214669231875;2;;
733214669237674;3;;
733214669274421;20;;
733214669286007;6;;
733214669286933;1;;
733214669298646;2;;
733214669304445;3;;
733214669329016;21;;
733214669340718;6;;
733214669341759;1;;
733214669353357;2;;
733214669359144;3;;
733214669378160;21;;
733214669389745;6;;
733214669390671;1;;
733214669402269;2;;
733214669408056;3;;
733214669429039;21;;
733214669440625;6;;
733214669441910;1;;
733214669453611;2;;
733214669459410;3;;
733214669491748;21;;
733214669503333;6;;
733214669504607;1;;
733214669516204;2;;
733214669522002;3;;
733214669546343;21;;
733214669557928;6;;
733214669559201;1;;
733214669570799;2;;
733214669576586;3;;
733214669589572;21;;
733214669601273;6;;
733214669602199;1;;
733214669613796;2;;
733214669619595;3;;
733214669639641;21;;
733214669651239;6;;
733214669652512;1;;
733214669664097;2;;
733214669669896;3;;
733214669685197;21;;
733214669696782;6;;
733214669697361;1;;
733214669709074;2;;
733214669714861;3;;
733214669746620;20;;
733214669758218;6;;
733214669759607;1;;
733214669771192;2;;
733214669776991;3;;
733214669877951;21;;
733214669889537;6;;
733214669890232;1;;
733214669901829;2;;
733214669907616;3;;
733214669918982;20;;
733214669930683;6;;
733214669931725;1;;
733214669943322;2;;
733214669949120;3;;
733214669994664;21;;
733214670006262;6;;
733214670007303;1;;
733214670018889;2;;
733214670024688;3;;
733214670051574;21;;
733214670063287;6;;
733214670063981;1;;
733214670075567;2;;
733214670081366;3;;
733214670099908;21;;
733214670111620;6;;
733214670112778;1;;
733214670124479;2;;
733214670130278;3;;
733214670147431;21;;
733214670159144;6;;
733214670160185;1;;
733214670171771;2;;
733214670177570;3;;
733214670192986;21;;
733214670204688;6;;
733214670205845;1;;
733214670217442;2;;
733214670223241;3;;
733214670231586;21;;
733214670243171;6;;
733214670244444;1;;
733214670256042;2;;
733214670261829;3;;
733214670276898;21;;
733214670288495;6;;
733214670289537;1;;
733214670301238;2;;
733214670307037;3;;
733214670323958;21;;
733214670335671;6;;
733214670336482;1;;
733214670348183;2;;
733214670353981;3;;
733214670373218;21;;
733214670384931;6;;
733214670385857;1;;
733214670397442;2;;
733214670403241;3;;
733214670421088;21;;
733214670432801;6;;
733214670433843;1;;
733214670445544;2;;
733214670451343;3;;
733214670466644;21;;
733214670478345;6;;
733214670479502;1;;
733214670491100;2;;
733214670496898;3;;
733214670516134;21;;
733214670527720;6;;
733214670528657;1;;
733214670540359;2;;
733214670546157;3;;
733214670563426;21;;
733214670575127;6;;
733214670576296;1;;
733214670587882;2;;
733214670593681;3;;
733214670797211;20;;
733214670808796;6;;
733214670809491;1;;
733214670821088;2;;
733214670826887;3;;
733214670873009;20;;
733214670884722;6;;
733214670885417;1;;
733214670897002;2;;
733214670902801;3;;
733214670933519;21;;
733214670945104;6;;
733214670945683;1;;
733214670957396;2;;
733214670963195;3;;
733214671036794;21;;
733214671048495;6;;
733214671049190;1;;
733214671060787;2;;
733214671066574;3;;
733214671079213;20;;
733214671090799;6;;
733214671091505;1;;
733214671103206;2;;
733214671109005;3;;
733214671130671;20;;
733214671142269;6;;
733214671143079;1;;
733214671154664;2;;
733214671160463;3;;
733214671179468;21;;
733214671191065;6;;
733214671191759;1;;
733214671203461;2;;
733214671209259;3;;
733214671268843;21;;
733214671280428;6;;
733214671281586;1;;
733214671293183;2;;
733214671298970;3;;
733214671313808;21;;
733214671325521;6;;
733214671326563;1;;
733214671338148;2;;
733214671343947;3;;
733214671352755;21;;
733214671364340;6;;
733214671365278;1;;
733214671376863;2;;
733214671382662;3;;
733214671400162;21;;
733214671411748;6;;
733214671413137;1;;
733214671424734;2;;
733214671430532;3;;
733214671453125;21;;
733214671464722;6;;
733214671465301;1;;
733214671476887;2;;
733214671482685;3;;
733214671493345;20;;
733214671504942;6;;
733214671505984;1;;
733214671517685;2;;
733214671523484;3;;
733214671546667;21;;
733214671558264;6;;
733214671559421;1;;
733214671571123;2;;
733214671576921;3;;
733214671596505;21;;
733214671608102;6;;
733214671608796;1;;
733214671620382;2;;
733214671626181;3;;
733214671640671;20;;
733214671652373;6;;
733214671653414;1;;
733214671665127;2;;
733214671670926;3;;
733214671692708;21;;
733214671704306;6;;
733214671705232;1;;
733214671716817;2;;
733214671722616;3;;
733214671738380;21;;
733214671749965;6;;
733214671750544;1;;
733214671762257;2;;
733214671768056;3;;
733214671782766;21;;
733214671794479;6;;
733214671795637;1;;
733214671807222;2;;
733214671813021;3;;
733214671827164;21;;
733214671838750;6;;
733214671839919;1;;
733214671851505;2;;
733214671857303;3;;
733214671872604;21;;
733214671884190;6;;
733214671885232;1;;
733214671896829;2;;
733214671902616;3;;
733214671907373;21;;
733214671919074;6;;
733214671920116;1;;
733214671931713;2;;
733214671937512;3;;
733214671943183;21;;
733214671954780;6;;
733214671957211;1;;
733214671968808;2;;
733214671974595;3;;
733214671986539;21;;
733214671998125;6;;
733214671999282;1;;
733214672010880;2;;
733214672016667;3;;
733214672028727;21;;
733214672040313;6;;
733214672041597;1;;
733214672053183;2;;
733214672058982;3;;
733214672072651;21;;
733214672084248;6;;
733214672084942;1;;
733214672096644;2;;
733214672102442;3;;
733214672108935;20;;
733214672120521;6;;
733214672121563;1;;
733214672133160;2;;
733214672138958;3;;
733214672144977;21;;
733214672156574;6;;
733214672157500;1;;
733214672169086;2;;
733214672174884;3;;
733214672196331;21;;
733214672207917;6;;
733214672208958;1;;
733214672220556;2;;
733214672226354;3;;
733214672232141;21;;
733214672243738;6;;
733214672244664;1;;
733214672256250;2;;
733214672262049;3;;
733214672282326;21;;
733214672293924;6;;
733214672295313;1;;
733214672306910;2;;
733214672312697;3;;
733214672319421;21;;
733214672331019;6;;
733214672332176;1;;
733214672343762;2;;
733214672349560;3;;
733214672355822;21;;
733214672367407;6;;
733214672368565;1;;
733214672380162;2;;
733214672385949;3;;
733214672412269;21;;
733214672423854;6;;
733214672424664;1;;
733214672436377;2;;
733214672442164;3;;
733214672465116;21;;
733214672476713;6;;
733214672477523;1;;
733214672489109;2;;
733214672494907;3;;
733214672512755;21;;
733214672524352;6;;
733214672525394;1;;
733214672537095;2;;
733214672542894;3;;
733214672559236;21;;
733214672570822;6;;
733214672571632;1;;
733214672583229;2;;
733214672589028;3;;
733214672594699;21;;
733214672606412;6;;
733214672607454;1;;
733214672619039;2;;
733214672624838;3;;
733214672629016;20;;
733214672640718;6;;
733214672641759;1;;
733214672653357;2;;
733214672659144;3;;
733214672665868;21;;
733214672677465;6;;
733214672678276;1;;
733214672689861;2;;
733214672695660;3;;
733214672703079;21;;
733214672714664;6;;
733214672715822;1;;
733214672727419;2;;
733214672733206;3;;
733214672748623;21;;
733214672760220;6;;
733214672761262;1;;
733214672772847;2;;
733214672778646;3;;
733214672789074;21;;
733214672800671;6;;
733214672802407;1;;
733214672814120;2;;
733214672819907;3;;
733214672826748;21;;
733214672838345;6;;
733214672839039;1;;
733214672850625;2;;
733214672856424;3;;
733214672866273;20;;
733214672877975;6;;
733214672878681;1;;
733214672890382;2;;
733214672896181;3;;
733214672903600;20;;
733214672915185;6;;
733214672915764;1;;
733214672927361;2;;
733214672933148;3;;
733214672940567;21;;
733214672952164;6;;
733214672953553;1;;
733214672965139;2;;
733214672970938;3;;
733214672979630;21;;
733214672991227;6;;
733214672991921;1;;
733214673003507;2;;
733214673009306;3;;
733214673018114;20;;
733214673029815;6;;
733214673030857;1;;
733214673042454;2;;
733214673048252;3;;
733214673059722;21;;
733214673071308;6;;
733214673072477;1;;
733214673084063;2;;
733214673089861;3;;
733214673112697;21;;
733214673124282;6;;
733214673125208;1;;
733214673136806;2;;
733214673142593;3;;
733214673169259;21;;
733214673180845;6;;
733214673181655;1;;
733214673193368;2;;
733214673199155;3;;
733214673207384;21;;
733214673218982;6;;
733214673219792;1;;
733214673231377;2;;
733214673237176;3;;
733214673250857;21;;
733214673262558;6;;
733214673263715;1;;
733214673275313;2;;
733214673281111;3;;
733214673289688;21;;
733214673301389;6;;
733214673302431;1;;
733214673314144;2;;
733214673319931;3;;
733214673329560;21;;
733214673341146;6;;
733214673341840;1;;
733214673353438;2;;
733214673359225;3;;
733214673369664;20;;
733214673381366;6;;
733214673381366;66;;
