736048748353750;0;3,2,200,0,v5;
736048748712118;55;;
736048748724838;1;;
736048748748171;2;;
736048748755116;3;;
736048748805961;32;;
736048748817604;6;;
736048748817998;1;;
736048748841343;2;;
736048748847512;3;;
736048748891447;32;;
736048748903067;6;;
736048748903461;1;;
736048748926782;2;;
736048748932963;3;;
736048748939201;36;;
736048748950903;6;;
736048748951285;1;;
736048748974630;2;;
736048748980799;3;;
736048748993056;32;;
736048749004711;6;;
736048749005289;1;;
736048749028634;2;;
736048749035012;3;;
736048749035625;32;;
736048749047361;6;;
736048749047743;1;;
736048749071076;2;;
736048749077442;3;;
736048749091887;36;;
736048749103484;6;;
736048749103866;1;;
736048749127211;2;;
736048749133380;3;;
736048749148889;36;;
736048749160579;6;;
736048749160961;1;;
736048749184294;2;;
736048749190475;3;;
736048749226435;31;;
736048749238125;6;;
736048749238519;1;;
736048749261852;2;;
736048749268218;3;;
736048749279919;32;;
736048749291563;6;;
736048749291944;1;;
736048749315278;2;;
736048749321447;3;;
736048749326563;32;;
736048749338241;6;;
736048749338623;1;;
736048749361956;2;;
736048749368137;3;;
736048749375972;31;;
736048749387616;6;;
736048749387998;1;;
736048749411331;2;;
736048749417512;3;;
736048749425012;32;;
736048749436632;6;;
736048749437002;1;;
736048749460336;2;;
736048749466516;3;;
736048749479989;32;;
736048749491597;6;;
736048749491979;1;;
736048749515313;2;;
736048749521482;3;;
736048749534954;32;;
736048749546563;6;;
736048749546944;1;;
736048749570289;2;;
736048749576458;3;;
736048749587512;32;;
736048749599225;6;;
736048749599607;1;;
736048749622940;2;;
736048749629120;3;;
736048749649514;35;;
736048749661146;6;;
736048749661725;1;;
736048749685058;2;;
736048749691238;3;;
736048749706516;31;;
736048749718241;6;;
736048749718623;1;;
736048749741968;2;;
736048749748137;3;;
736048749763889;36;;
736048749775532;6;;
736048749775914;1;;
736048749799248;2;;
736048749805417;3;;
736048749822361;35;;
736048749833970;6;;
736048749834352;1;;
736048749857708;2;;
736048749863877;3;;
736048749878264;32;;
736048749889919;6;;
736048749890301;1;;
736048749913646;2;;
736048749919815;3;;
736048749943032;32;;
736048749954722;6;;
736048749955301;1;;
736048749978646;2;;
736048749984815;3;;
736048749991158;31;;
736048750002755;6;;
736048750003137;1;;
736048750026482;2;;
736048750032650;3;;
736048750050382;35;;
736048750061979;6;;
736048750062373;1;;
736048750085706;2;;
736048750091875;3;;
736048750105162;36;;
736048750116759;6;;
736048750117153;1;;
736048750140486;2;;
736048750146667;3;;
736048750154572;36;;
736048750166331;6;;
736048750166713;1;;
736048750190058;2;;
736048750196227;3;;
736048750208796;31;;
736048750220532;6;;
736048750220914;1;;
736048750244259;2;;
736048750250440;3;;
736048750264514;32;;
736048750276100;6;;
736048750276482;1;;
736048750299815;2;;
736048750305995;3;;
736048750315220;32;;
736048750326829;6;;
736048750327211;1;;
736048750350544;2;;
736048750356725;3;;
736048750370729;35;;
736048750382373;6;;
736048750382755;1;;
736048750406100;2;;
736048750412269;3;;
736048750421262;35;;
736048750432905;6;;
736048750433299;1;;
736048750456644;2;;
736048750462813;3;;
736048750467720;36;;
736048750479410;6;;
736048750479792;1;;
736048750503125;2;;
736048750509306;3;;
736048750523056;36;;
736048750534769;6;;
736048750535150;1;;
736048750558484;2;;
736048750564664;3;;
736048750572095;36;;
736048750583762;6;;
736048750584340;1;;
736048750607674;2;;
736048750613854;3;;
736048750623356;36;;
736048750635070;6;;
736048750635451;1;;
736048750658796;2;;
736048750664977;3;;
736048750687211;35;;
736048750698924;6;;
736048750699306;1;;
736048750722639;2;;
736048750728819;3;;
736048750741065;31;;
736048750752732;6;;
736048750753113;1;;
736048750776458;2;;
736048750782639;3;;
736048750791401;31;;
736048750803079;6;;
736048750803461;1;;
736048750826794;2;;
736048750832975;3;;
736048750843218;31;;
736048750854977;6;;
736048750855359;1;;
736048750878692;2;;
736048750885070;3;;
736048750891713;31;;
736048750903391;6;;
736048750903773;1;;
736048750927107;2;;
736048750933484;3;;
736048750940197;31;;
736048750951806;6;;
736048750952384;1;;
736048750975718;2;;
736048750982083;3;;
736048750994236;35;;
736048751006007;6;;
736048751006389;1;;
736048751029722;2;;
736048751036088;3;;
736048751054028;36;;
736048751065614;6;;
736048751066007;1;;
736048751089340;2;;
736048751095509;3;;
736048751104907;35;;
736048751116539;6;;
736048751116921;1;;
736048751140255;2;;
736048751146435;3;;
736048751152107;36;;
736048751163796;6;;
736048751164190;1;;
736048751187512;2;;
736048751193704;3;;
736048751203553;31;;
736048751215301;6;;
736048751215868;1;;
736048751239213;2;;
736048751245382;3;;
736048751250000;36;;
736048751261609;6;;
736048751261979;1;;
736048751285324;2;;
736048751291493;3;;
736048751302199;31;;
736048751313866;6;;
736048751314259;1;;
736048751337593;2;;
736048751343762;3;;
736048751355868;31;;
736048751367488;6;;
736048751367882;1;;
736048751391215;2;;
736048751397396;3;;
736048751406389;31;;
736048751418033;6;;
736048751418414;1;;
736048751441748;2;;
736048751447928;3;;
736048751455799;36;;
736048751467419;6;;
736048751467801;1;;
736048751491134;2;;
736048751497315;3;;
736048751510035;36;;
736048751521632;6;;
736048751522199;1;;
736048751545532;2;;
736048751551701;3;;
736048751562407;32;;
736048751574086;6;;
736048751574664;1;;
736048751597998;2;;
736048751604167;3;;
736048751612188;31;;
736048751623843;6;;
736048751624225;1;;
736048751647570;2;;
736048751653935;3;;
736048751667905;32;;
736048751679595;6;;
736048751679989;1;;
736048751703322;2;;
736048751709688;3;;
736048751752662;33;;
736048751764282;6;;
736048751764664;1;;
736048751787998;2;;
736048751794178;3;;
736048751814468;32;;
736048751826192;6;;
736048751826771;1;;
736048751850104;2;;
736048751856285;3;;
736048751870556;31;;
736048751882141;6;;
736048751882523;1;;
736048751905857;2;;
736048751912037;3;;
736048751938102;31;;
736048751949838;6;;
736048751950232;1;;
736048751973565;2;;
736048751979745;3;;
736048751999352;31;;
736048752010984;6;;
736048752011366;1;;
736048752034711;2;;
736048752040880;3;;
736048752063565;32;;
736048752075232;6;;
736048752075614;1;;
736048752098947;2;;
736048752105127;3;;
736048752119838;36;;
736048752131551;6;;
736048752132130;1;;
736048752155463;2;;
736048752161644;3;;
736048752175359;31;;
736048752187107;6;;
736048752187674;1;;
736048752211019;2;;
736048752217384;3;;
736048752236424;32;;
736048752248056;6;;
736048752248634;1;;
736048752271979;2;;
736048752278148;3;;
736048752299907;35;;
736048752311528;6;;
736048752312095;1;;
736048752335440;2;;
736048752341806;3;;
736048752359688;31;;
736048752371320;6;;
736048752371701;1;;
736048752395035;2;;
736048752401215;3;;
736048752413727;36;;
736048752425324;6;;
736048752425903;1;;
736048752449236;2;;
736048752455417;3;;
736048752470914;31;;
736048752482627;6;;
736048752483206;1;;
736048752506539;2;;
736048752512708;3;;
736048752531250;31;;
736048752542998;6;;
736048752543380;1;;
736048752566713;2;;
736048752572894;3;;
736048752589722;36;;
736048752601447;6;;
736048752601829;1;;
736048752625162;2;;
736048752631331;3;;
736048752646169;31;;
736048752657766;6;;
736048752658148;1;;
736048752681493;2;;
736048752687674;3;;
736048752697257;36;;
736048752708889;6;;
736048752709271;1;;
736048752732604;2;;
736048752738785;3;;
736048752751852;32;;
736048752763472;6;;
736048752764051;1;;
736048752787396;2;;
736048752793565;3;;
736048752800150;36;;
736048752811887;6;;
736048752812465;1;;
736048752835799;2;;
736048752841979;3;;
736048752852338;32;;
736048752863970;6;;
736048752864352;1;;
736048752887697;2;;
736048752893877;3;;
736048752911944;32;;
736048752923576;6;;
736048752924155;1;;
736048752947489;2;;
736048752953669;3;;
736048752955428;35;;
736048752967176;6;;
736048752967558;1;;
736048752990891;2;;
736048752997060;3;;
736048753001690;35;;
736048753013461;6;;
736048753013843;1;;
736048753037188;2;;
736048753043357;3;;
736048753056840;36;;
736048753068449;6;;
736048753068819;1;;
736048753092164;2;;
736048753098345;3;;
736048753103484;31;;
736048753115127;6;;
736048753115509;1;;
736048753138843;2;;
736048753145023;3;;
736048753149572;36;;
736048753161227;6;;
736048753161609;1;;
736048753184942;2;;
736048753191123;3;;
736048753199537;36;;
736048753211181;6;;
736048753211759;1;;
736048753235093;2;;
736048753241273;3;;
736048753257650;32;;
736048753269236;6;;
736048753269618;1;;
736048753292975;2;;
736048753299144;3;;
736048753312616;36;;
736048753324225;6;;
736048753324607;1;;
736048753347940;2;;
736048753354120;3;;
736048753361667;31;;
736048753373414;6;;
736048753373796;1;;
736048753397130;2;;
736048753403299;3;;
736048753408854;36;;
736048753420475;6;;
736048753421632;1;;
736048753444965;2;;
736048753451134;3;;
736048753465116;35;;
736048753476794;6;;
736048753477373;1;;
736048753500718;2;;
736048753506898;3;;
736048753516204;31;;
736048753527928;6;;
736048753528495;1;;
736048753551829;2;;
736048753558009;3;;
736048753565984;36;;
736048753577685;6;;
736048753578067;1;;
736048753601400;2;;
736048753607766;3;;
736048753622986;35;;
736048753634595;6;;
736048753634965;1;;
736048753658310;2;;
736048753664479;3;;
736048753670174;36;;
736048753681840;6;;
736048753682222;1;;
736048753705579;2;;
736048753711748;3;;
736048753731991;36;;
736048753743588;6;;
736048753743958;1;;
736048753767292;2;;
736048753773472;3;;
736048753778264;36;;
736048753789873;6;;
736048753790255;1;;
736048753813588;2;;
736048753819757;3;;
736048753829711;32;;
736048753841366;6;;
736048753841748;1;;
736048753865093;2;;
736048753871262;3;;
736048753878380;31;;
736048753889988;6;;
736048753890370;1;;
736048753913704;2;;
736048753919884;3;;
736048753929097;31;;
736048753940718;6;;
736048753941100;1;;
736048753964433;2;;
736048753970799;3;;
736048753983692;35;;
736048753995301;6;;
736048753995683;1;;
736048754019016;2;;
736048754025197;3;;
736048754034213;31;;
736048754045845;6;;
736048754046215;1;;
736048754069560;2;;
736048754075729;3;;
736048754080660;36;;
736048754092326;6;;
736048754092720;1;;
736048754116053;2;;
736048754122419;3;;
736048754128414;31;;
736048754140162;6;;
736048754140741;1;;
736048754164086;2;;
736048754170451;3;;
736048754174873;31;;
736048754186470;6;;
736048754186505;66;;
