735953548759502;0;1,1,100,0,v5;
735953549808391;55;;
735953549820776;1;;
735953549844039;2;;
735953549851238;3;;
735953549908553;20;;
735953549920174;6;;
735953549920729;1;;
735953549943924;2;;
735953549950208;3;;
735953549968357;21;;
735953549979977;6;;
735953549980521;1;;
735953550003715;2;;
735953550010150;3;;
735953550026678;21;;
735953550038287;6;;
735953550038935;1;;
735953550062130;2;;
735953550068391;3;;
735953550092581;21;;
735953550104190;6;;
735953550104769;1;;
735953550127951;2;;
735953550134155;3;;
735953550159792;21;;
735953550171400;6;;
735953550172141;1;;
735953550195336;2;;
735953550201609;3;;
735953550219595;20;;
735953550231192;6;;
735953550231944;1;;
735953550255139;2;;
735953550261354;3;;
735953550288461;21;;
735953550300070;6;;
735953550300845;1;;
735953550324028;2;;
735953550330313;3;;
735953550358634;21;;
735953550370243;6;;
735953550370949;1;;
735953550394144;2;;
735953550400417;3;;
735953550419178;21;;
735953550430776;6;;
735953550431539;1;;
735953550454734;2;;
735953550461100;3;;
735953550476192;21;;
735953550487801;6;;
735953550488623;1;;
735953550511817;2;;
735953550518079;3;;
735953550545984;21;;
735953550557604;6;;
735953550558333;1;;
735953550581528;2;;
735953550587755;3;;
735953550596910;21;;
735953550608519;6;;
735953550609236;1;;
735953550632431;2;;
735953550638715;3;;
735953550649306;21;;
735953550660903;6;;
735953550661667;1;;
735953550684861;2;;
735953550691134;3;;
735953550699653;21;;
735953550711273;6;;
735953550712002;1;;
735953550735197;2;;
735953550741470;3;;
735953550759838;21;;
735953550771435;6;;
735953550772199;1;;
735953550795394;2;;
735953550801678;3;;
735953550818333;21;;
735953550830000;6;;
735953550830486;1;;
735953550853681;2;;
735953550860127;3;;
735953550871100;21;;
735953550882708;6;;
735953550883403;1;;
735953550906597;2;;
735953550912870;3;;
735953550927014;20;;
735953550938611;6;;
735953550939375;1;;
735953550962581;2;;
735953550968912;3;;
735953550986262;21;;
735953550997870;6;;
735953550998565;1;;
735953551021771;2;;
735953551028044;3;;
735953551052361;21;;
735953551063970;6;;
735953551064688;1;;
735953551087882;2;;
735953551094155;3;;
735953551106227;21;;
735953551117836;6;;
735953551118565;1;;
735953551141759;2;;
735953551148032;3;;
735953551158252;21;;
735953551169861;6;;
735953551170625;1;;
735953551193820;2;;
735953551200093;3;;
735953551214722;21;;
735953551226331;6;;
735953551227049;1;;
735953551250243;2;;
735953551256644;3;;
735953551269525;21;;
735953551281134;6;;
735953551281910;1;;
735953551305104;2;;
735953551311331;3;;
735953551335984;21;;
735953551347581;6;;
735953551348357;1;;
735953551371563;2;;
735953551377847;3;;
735953551382465;20;;
735953551394074;6;;
735953551394572;1;;
735953551417766;2;;
735953551424051;3;;
735953551430787;21;;
735953551442396;6;;
735953551443206;1;;
735953551466401;2;;
735953551472674;3;;
735953551494468;21;;
735953551506076;6;;
735953551506690;1;;
735953551529884;2;;
735953551536169;3;;
735953551548900;21;;
735953551560509;6;;
735953551561076;1;;
735953551584282;2;;
735953551590509;3;;
735953551595938;21;;
735953551607535;6;;
735953551608114;1;;
735953551631308;2;;
735953551637766;3;;
735953551643877;21;;
735953551655486;6;;
735953551656262;1;;
735953551679468;2;;
735953551685671;3;;
735953551694606;21;;
735953551706215;6;;
735953551706979;1;;
735953551730185;2;;
735953551736482;3;;
735953551754225;21;;
735953551765833;6;;
735953551766701;1;;
735953551789907;2;;
735953551796169;3;;
735953551814583;21;;
735953551826192;6;;
735953551826979;1;;
735953551850174;2;;
735953551856435;3;;
735953551862905;21;;
735953551874502;6;;
735953551875104;1;;
735953551898287;2;;
735953551904560;3;;
735953551919734;21;;
735953551931343;6;;
735953551931945;1;;
735953551955139;2;;
735953551961354;3;;
735953551978993;21;;
735953551990590;6;;
735953551991354;1;;
735953552014549;2;;
735953552020833;3;;
735953552029526;21;;
735953552041134;6;;
735953552041840;1;;
735953552065035;2;;
735953552071296;3;;
735953552089514;21;;
735953552101123;6;;
735953552101829;1;;
735953552125023;2;;
735953552131319;3;;
735953552141910;21;;
735953552153519;6;;
735953552154283;1;;
735953552177489;2;;
735953552183576;3;;
735953552203009;20;;
735953552214618;6;;
735953552215370;1;;
735953552238565;2;;
735953552244838;3;;
735953552254664;20;;
735953552266262;6;;
735953552266979;1;;
735953552290162;2;;
735953552296435;3;;
735953552310752;21;;
735953552322361;6;;
735953552323056;1;;
735953552346250;2;;
735953552352523;3;;
735953552396852;21;;
735953552408461;6;;
735953552409213;1;;
735953552432407;2;;
735953552438877;3;;
735953552449433;21;;
735953552461042;6;;
735953552461817;1;;
735953552485012;2;;
735953552491239;3;;
735953552503484;21;;
735953552515093;6;;
735953552515671;1;;
735953552538866;2;;
735953552545139;3;;
735953552552546;20;;
735953552564155;6;;
735953552564942;1;;
735953552588148;2;;
735953552594364;3;;
735953552658264;20;;
735953552669873;6;;
735953552670637;1;;
735953552693831;2;;
735953552700104;3;;
735953552710475;21;;
735953552722083;6;;
735953552722789;1;;
735953552745984;2;;
735953552752245;3;;
735953552761759;20;;
735953552773368;6;;
735953552774144;1;;
735953552797350;2;;
735953552803623;3;;
735953552808426;20;;
735953552820035;6;;
735953552820775;1;;
735953552843970;2;;
735953552850278;3;;
735953552861366;21;;
735953552872975;6;;
735953552873669;1;;
735953552896863;2;;
735953552903056;3;;
735953552920799;21;;
735953552932431;6;;
735953552933160;1;;
735953552956354;2;;
735953552962639;3;;
735953552971887;21;;
735953552983507;6;;
735953552984225;1;;
735953553007419;2;;
735953553013692;3;;
735953553022442;21;;
735953553034051;6;;
735953553034711;1;;
735953553057894;2;;
735953553064178;3;;
735953553069097;21;;
735953553080706;6;;
735953553081447;1;;
735953553104630;2;;
735953553110914;3;;
735953553117604;21;;
735953553129213;6;;
735953553129988;1;;
735953553153183;2;;
735953553159456;3;;
735953553167593;21;;
735953553179190;6;;
735953553179931;1;;
735953553203137;2;;
735953553209595;3;;
735953553215729;21;;
735953553227350;6;;
735953553228206;1;;
735953553251401;2;;
735953553257674;3;;
735953553265532;21;;
735953553277141;6;;
735953553277917;1;;
735953553301111;2;;
735953553307396;3;;
735953553311632;21;;
735953553323241;6;;
735953553324016;1;;
735953553347222;2;;
735953553353495;3;;
735953553357176;20;;
735953553368773;6;;
735953553369560;1;;
735953553392778;2;;
735953553399051;3;;
735953553406794;21;;
735953553418403;6;;
735953553419144;1;;
735953553442338;2;;
735953553448600;3;;
735953553453634;20;;
735953553465243;6;;
735953553465799;1;;
735953553488982;2;;
735953553495266;3;;
735953553502512;21;;
735953553514120;6;;
735953553514815;1;;
735953553538009;2;;
735953553544340;3;;
735953553558796;21;;
735953553570394;6;;
735953553571111;1;;
735953553594317;2;;
735953553600567;3;;
735953553618600;21;;
735953553630220;6;;
735953553630810;1;;
735953553654005;2;;
735953553660266;3;;
735953553669884;20;;
735953553681493;6;;
735953553682153;1;;
735953553705347;2;;
735953553711620;3;;
735953553724306;21;;
735953553735914;6;;
735953553736586;1;;
735953553759780;2;;
735953553766111;3;;
735953553779109;21;;
735953553790718;6;;
735953553791412;1;;
735953553814618;2;;
735953553820891;3;;
735953553830035;20;;
735953553841655;6;;
735953553842384;1;;
735953553865579;2;;
735953553871794;3;;
735953553893160;21;;
735953553904769;6;;
735953553905463;1;;
735953553928657;2;;
735953553934931;3;;
735953553947037;21;;
735953553958634;6;;
735953553959433;1;;
735953553982627;2;;
735953553988912;3;;
735953554009063;21;;
735953554020671;6;;
735953554021505;1;;
735953554044699;2;;
735953554050972;3;;
735953554056273;21;;
735953554067882;6;;
735953554068542;1;;
735953554091748;2;;
735953554098021;3;;
735953554105151;21;;
735953554116759;6;;
735953554117373;1;;
735953554140567;2;;
735953554146771;3;;
735953554160127;21;;
735953554171736;6;;
735953554172338;1;;
735953554195533;2;;
735953554201817;3;;
735953554212350;21;;
735953554223958;6;;
735953554224479;1;;
735953554247674;2;;
735953554253947;3;;
735953554264190;21;;
735953554275787;6;;
735953554276482;1;;
735953554299699;2;;
735953554305810;3;;
735953554321389;21;;
735953554333021;6;;
735953554333773;1;;
735953554356968;2;;
735953554363241;3;;
735953554370266;21;;
735953554381875;6;;
735953554382442;1;;
735953554405660;2;;
735953554411933;3;;
735953554421933;20;;
735953554433530;6;;
735953554434155;1;;
735953554457350;2;;
735953554463623;3;;
735953554469873;21;;
735953554481481;6;;
735953554482211;1;;
735953554505405;2;;
735953554511655;3;;
735953554524120;21;;
735953554535729;6;;
735953554536366;1;;
735953554559560;2;;
735953554565822;3;;
735953554577627;21;;
735953554589225;6;;
735953554589826;1;;
735953554613032;2;;
735953554619294;3;;
735953554639097;21;;
735953554650706;6;;
735953554651482;1;;
735953554674676;2;;
735953554680984;3;;
735953554706667;21;;
735953554718276;6;;
735953554718970;1;;
735953554742164;2;;
735953554748438;3;;
735953554759248;20;;
735953554770857;6;;
735953554771632;1;;
735953554794826;2;;
735953554801100;3;;
735953554810914;20;;
735953554822512;6;;
735953554823310;1;;
735953554846505;2;;
735953554852778;3;;
735953554872002;21;;
735953554883611;6;;
735953554884317;1;;
735953554907512;2;;
735953554913750;3;;
735953554922917;21;;
735953554934514;6;;
735953554935243;1;;
735953554958438;2;;
735953554964711;3;;
735953554979931;21;;
735953554991539;6;;
735953554992234;1;;
735953555015428;2;;
735953555021713;3;;
735953555033079;21;;
735953555044688;6;;
735953555045405;1;;
735953555068600;2;;
735953555075000;3;;
735953555083067;21;;
735953555094676;6;;
735953555095278;1;;
735953555118472;2;;
735953555124757;3;;
735953555129908;20;;
735953555141574;6;;
735953555142164;1;;
735953555165359;2;;
735953555171632;3;;
735953555176736;21;;
735953555188345;6;;
735953555189109;1;;
735953555212315;2;;
735953555218588;3;;
735953555225625;20;;
735953555237245;6;;
735953555237801;1;;
735953555261007;2;;
735953555267234;3;;
735953555275058;20;;
735953555286667;6;;
735953555287384;1;;
735953555310590;2;;
735953555316864;3;;
735953555324306;21;;
735953555335903;6;;
735953555336655;1;;
735953555359838;2;;
735953555366111;3;;
735953555375949;21;;
735953555387558;6;;
735953555387593;66;;
