736877451082118;0;3,2,200,0,v5;
736877451433102;55;;
736877451446088;1;;
736877451469421;2;;
736877451475602;3;;
736877451500498;31;;
736877451512245;6;;
736877451512824;1;;
736877451536181;2;;
736877451542546;3;;
736877451546435;36;;
736877451558160;6;;
736877451558553;1;;
736877451581887;2;;
736877451588067;3;;
736877451599398;36;;
736877451611019;6;;
736877451611597;1;;
736877451634931;2;;
736877451641111;3;;
736877451648102;31;;
736877451659827;6;;
736877451660405;1;;
736877451683738;2;;
736877451689919;3;;
736877451696250;31;;
736877451707859;6;;
736877451708241;1;;
736877451731574;2;;
736877451737755;3;;
736877451743090;36;;
736877451754722;6;;
736877451755116;1;;
736877451778461;2;;
736877451784630;3;;
736877451793287;36;;
736877451804884;6;;
736877451805463;1;;
736877451828808;2;;
736877451834977;3;;
736877451859757;31;;
736877451871435;6;;
736877451871817;1;;
736877451895162;2;;
736877451901343;3;;
736877451909942;36;;
736877451921597;6;;
736877451921979;1;;
736877451945313;2;;
736877451951493;3;;
736877451956979;31;;
736877451968657;6;;
736877451969236;1;;
736877451992581;2;;
736877451998762;3;;
736877452002535;31;;
736877452014190;6;;
736877452014572;1;;
736877452037917;2;;
736877452044086;3;;
736877452053646;36;;
736877452065301;6;;
736877452065683;1;;
736877452089028;2;;
736877452095197;3;;
736877452103079;36;;
736877452114688;6;;
736877452115266;1;;
736877452138611;2;;
736877452144780;3;;
736877452151412;31;;
736877452163102;6;;
736877452163495;1;;
736877452186829;2;;
736877452193009;3;;
736877452199375;36;;
736877452211134;6;;
736877452211528;1;;
736877452234873;2;;
736877452241042;3;;
736877452246979;36;;
736877452258600;6;;
736877452259178;1;;
736877452282512;2;;
736877452288681;3;;
736877452296227;31;;
736877452307975;6;;
736877452308357;1;;
736877452331701;2;;
736877452337882;3;;
736877452346782;36;;
736877452358519;6;;
736877452359097;1;;
736877452382442;2;;
736877452388611;3;;
736877452394375;31;;
736877452405972;6;;
736877452406748;1;;
736877452430081;2;;
736877452436250;3;;
736877452451597;31;;
736877452463264;6;;
736877452463657;1;;
736877452486991;2;;
736877452493171;3;;
736877452504202;36;;
736877452515926;6;;
736877452516505;1;;
736877452539838;2;;
736877452546019;3;;
736877452551239;31;;
736877452562986;6;;
736877452563565;1;;
736877452586921;2;;
736877452593090;3;;
736877452597176;31;;
736877452608912;6;;
736877452609294;1;;
736877452632627;2;;
736877452638808;3;;
736877452643843;31;;
736877452655590;6;;
736877452655972;1;;
736877452679306;2;;
736877452685498;3;;
736877452693495;36;;
736877452705174;6;;
736877452705752;1;;
736877452729086;2;;
736877452735255;3;;
736877452749977;31;;
736877452761678;6;;
736877452762072;1;;
736877452785405;2;;
736877452791586;3;;
736877452799421;31;;
736877452811076;6;;
736877452811458;1;;
736877452834803;2;;
736877452840972;3;;
736877452850162;36;;
736877452861806;6;;
736877452862188;1;;
736877452885521;2;;
736877452891701;3;;
736877452910336;35;;
736877452921991;6;;
736877452922384;1;;
736877452945718;2;;
736877452951887;3;;
736877452957940;36;;
736877452969641;6;;
736877452970023;1;;
736877452993357;2;;
736877452999537;3;;
736877453010347;36;;
736877453022106;6;;
736877453022488;1;;
736877453045833;2;;
736877453052014;3;;
736877453057951;36;;
736877453069560;6;;
736877453069942;1;;
736877453093287;2;;
736877453099456;3;;
736877453114803;36;;
736877453126458;6;;
736877453127049;1;;
736877453150394;2;;
736877453156563;3;;
736877453162778;36;;
736877453174502;6;;
736877453174884;1;;
736877453198229;2;;
736877453204398;3;;
736877453210556;36;;
736877453222141;6;;
736877453222720;1;;
736877453246065;2;;
736877453252234;3;;
736877453267789;31;;
736877453279445;6;;
736877453280023;1;;
736877453303357;2;;
736877453309537;3;;
736877453353530;31;;
736877453365278;6;;
736877453365856;1;;
736877453389201;2;;
736877453395382;3;;
736877453415579;31;;
736877453427199;6;;
736877453427778;1;;
736877453451123;2;;
736877453457303;3;;
736877453463727;36;;
736877453475428;6;;
736877453475810;1;;
736877453499155;2;;
736877453505336;3;;
736877453517072;36;;
736877453528669;6;;
736877453529444;1;;
736877453552778;2;;
736877453558958;3;;
736877453574850;31;;
736877453586539;6;;
736877453586921;1;;
736877453610278;2;;
736877453616447;3;;
736877453644120;36;;
736877453655799;6;;
736877453656181;1;;
736877453679514;2;;
736877453685695;3;;
736877453701157;31;;
736877453712894;6;;
736877453713276;1;;
736877453736620;2;;
736877453742801;3;;
736877453750428;36;;
736877453762083;6;;
736877453762662;1;;
736877453786007;2;;
736877453792176;3;;
736877453825243;36;;
736877453836921;6;;
736877453837697;1;;
736877453861042;2;;
736877453867222;3;;
736877453874884;31;;
736877453886505;6;;
736877453886887;1;;
736877453910232;2;;
736877453916401;3;;
736877453921366;31;;
736877453932986;6;;
736877453933565;1;;
736877453956910;2;;
736877453963090;3;;
736877453984711;31;;
736877453996458;6;;
736877453997037;1;;
736877454020382;2;;
736877454026551;3;;
736877454041933;31;;
736877454053553;6;;
736877454053947;1;;
736877454077292;2;;
736877454083461;3;;
736877454092141;36;;
736877454103912;6;;
736877454104294;1;;
736877454127639;2;;
736877454133808;3;;
736877454137315;36;;
736877454149039;6;;
736877454149618;1;;
736877454172963;2;;
736877454179132;3;;
736877454185648;31;;
736877454197280;6;;
736877454197859;1;;
736877454221192;2;;
736877454227361;3;;
736877454233993;36;;
736877454245695;6;;
736877454246076;1;;
736877454269410;2;;
736877454275590;3;;
736877454309387;36;;
736877454321123;6;;
736877454321505;1;;
736877454344850;2;;
736877454351019;3;;
736877454378275;36;;
736877454389977;6;;
736877454390556;1;;
736877454413901;2;;
736877454420070;3;;
736877454431250;31;;
736877454442847;6;;
736877454443426;1;;
736877454466759;2;;
736877454472928;3;;
736877454490509;36;;
736877454502245;6;;
736877454503021;1;;
736877454526366;2;;
736877454532535;3;;
736877454544583;31;;
736877454556273;6;;
736877454556655;1;;
736877454579988;2;;
736877454586169;3;;
736877454627164;31;;
736877454638820;6;;
736877454639792;1;;
736877454663137;2;;
736877454669306;3;;
736877454681794;31;;
736877454693414;6;;
736877454693808;1;;
736877454717141;2;;
736877454723322;3;;
736877454728264;36;;
736877454739907;6;;
736877454740683;1;;
736877454764016;2;;
736877454770208;3;;
736877454806215;31;;
736877454817847;6;;
736877454818426;1;;
736877454841759;2;;
736877454847928;3;;
736877454859745;31;;
736877454871470;6;;
736877454872037;1;;
736877454895394;2;;
736877454901574;3;;
736877454962350;31;;
736877454974086;6;;
736877454974664;1;;
736877454998009;2;;
736877455004190;3;;
736877455012917;31;;
736877455024641;6;;
736877455025023;1;;
736877455048357;2;;
736877455054537;3;;
736877455059410;36;;
736877455071123;6;;
736877455072280;1;;
736877455095613;2;;
736877455101794;3;;
736877455117708;31;;
736877455129387;6;;
736877455130162;1;;
736877455153495;2;;
736877455159664;3;;
736877455172708;31;;
736877455184352;6;;
736877455184745;1;;
736877455208079;2;;
736877455214259;3;;
736877455218079;36;;
736877455229688;6;;
736877455230070;1;;
736877455253414;2;;
736877455259595;3;;
736877455263657;31;;
736877455275405;6;;
736877455275984;1;;
736877455299329;2;;
736877455305498;3;;
736877455310880;31;;
736877455322477;6;;
736877455322859;1;;
736877455346192;2;;
736877455352384;3;;
736877455358854;31;;
736877455370509;6;;
736877455371285;1;;
736877455394618;2;;
736877455400799;3;;
736877455408669;36;;
736877455420278;6;;
736877455420857;1;;
736877455444190;2;;
736877455450370;3;;
736877455462188;31;;
736877455473912;6;;
736877455474294;1;;
736877455497639;2;;
736877455503808;3;;
736877455533484;31;;
736877455545081;6;;
736877455546632;1;;
736877455569965;2;;
736877455576146;3;;
736877455607940;31;;
736877455619549;6;;
736877455619931;1;;
736877455643276;2;;
736877455649445;3;;
736877455658854;36;;
736877455670475;6;;
736877455670857;1;;
736877455694201;2;;
736877455700382;3;;
736877455709792;36;;
736877455721401;6;;
736877455721979;1;;
736877455745324;2;;
736877455751493;3;;
736877455762743;31;;
736877455774444;6;;
736877455774838;1;;
736877455798171;2;;
736877455804340;3;;
736877455811644;36;;
736877455823252;6;;
736877455823646;1;;
736877455846979;2;;
736877455853160;3;;
736877455914780;36;;
736877455926458;6;;
736877455927037;1;;
736877455950382;2;;
736877455956551;3;;
736877455963866;31;;
736877455975451;6;;
736877455975845;1;;
736877455999178;2;;
736877456005347;3;;
736877456009225;36;;
736877456020972;6;;
736877456021366;1;;
736877456044711;2;;
736877456050880;3;;
736877456053866;36;;
736877456065544;6;;
736877456065926;1;;
736877456089271;2;;
736877456095440;3;;
736877456123681;36;;
736877456135370;6;;
736877456135949;1;;
736877456159294;2;;
736877456165475;3;;
736877456189051;31;;
736877456200764;6;;
736877456201354;1;;
736877456224688;2;;
736877456230857;3;;
736877456263681;31;;
736877456275428;6;;
736877456275810;1;;
736877456299144;2;;
736877456305324;3;;
736877456335729;36;;
736877456347373;6;;
736877456347755;1;;
736877456371088;2;;
736877456377269;3;;
736877456383866;36;;
736877456395602;6;;
736877456395984;1;;
736877456419329;2;;
736877456425498;3;;
736877456431470;36;;
736877456443056;6;;
736877456443438;1;;
736877456466771;2;;
736877456472951;3;;
736877456478866;36;;
736877456490498;6;;
736877456490891;1;;
736877456514236;2;;
736877456520417;3;;
736877456524618;36;;
736877456536227;6;;
736877456536609;1;;
736877456559954;2;;
736877456566123;3;;
736877456578495;36;;
736877456590232;6;;
736877456590625;1;;
736877456613958;2;;
736877456620139;3;;
736877456629618;36;;
736877456641366;6;;
736877456641933;1;;
736877456665278;2;;
736877456671447;3;;
736877456680718;31;;
736877456692477;6;;
736877456692859;1;;
736877456716192;2;;
736877456722373;3;;
736877456748507;31;;
736877456760185;6;;
736877456760567;1;;
736877456783912;2;;
736877456790081;3;;
736877456841470;31;;
736877456853171;6;;
736877456853553;1;;
736877456876887;2;;
736877456883067;3;;
736877456903877;36;;
736877456915475;6;;
736877456915857;1;;
736877456939190;2;;
736877456945370;3;;
736877456955174;31;;
736877456966783;6;;
736877456967373;1;;
736877456990706;2;;
736877456996887;3;;
736877457053901;36;;
736877457065544;6;;
736877457065544;66;;
