735947674999826;0;3,2,200,0,v5;
735947675800625;55;;
735947675813658;1;;
735947675836875;2;;
735947675843276;3;;
735947675978958;33;;
735947675990602;6;;
735947675992130;1;;
735947676015359;2;;
735947676021667;3;;
735947676123611;35;;
735947676135255;6;;
735947676135949;1;;
735947676159155;2;;
735947676165486;3;;
735947676205185;33;;
735947676216829;6;;
735947676217882;1;;
735947676241111;2;;
735947676247431;3;;
735947676311377;35;;
735947676323021;6;;
735947676324410;1;;
735947676347639;2;;
735947676354005;3;;
735947676492095;35;;
735947676503750;6;;
735947676504537;1;;
735947676527766;2;;
735947676534178;3;;
735947676584051;32;;
735947676595671;6;;
735947676596296;1;;
735947676619502;2;;
735947676625880;3;;
735947676749607;35;;
735947676761250;6;;
735947676762211;1;;
735947676785428;2;;
735947676791852;3;;
735947676819155;32;;
735947676830787;6;;
735947676831412;1;;
735947676854630;2;;
735947676860961;3;;
735947676882419;36;;
735947676894063;6;;
735947676895532;1;;
735947676918738;2;;
735947676924792;3;;
735947676956424;35;;
735947676968067;6;;
735947676969364;1;;
735947676992593;2;;
735947676998820;3;;
735947677100151;35;;
735947677111806;6;;
735947677112373;1;;
735947677135590;2;;
735947677141887;3;;
735947677203935;34;;
735947677215579;6;;
735947677216192;1;;
735947677239398;2;;
735947677245695;3;;
735947677357477;34;;
735947677369109;6;;
735947677369907;1;;
735947677393125;2;;
735947677399502;3;;
735947677458287;32;;
735947677469942;6;;
735947677470382;1;;
735947677493727;2;;
735947677500174;3;;
735947677661956;33;;
735947677673600;6;;
735947677674167;1;;
735947677697396;2;;
735947677703681;3;;
735947677740220;33;;
735947677751852;6;;
735947677753229;1;;
735947677776447;2;;
735947677782836;3;;
735947677805139;32;;
735947677816782;6;;
735947677817280;1;;
735947677840509;2;;
735947677846944;3;;
735947677907060;35;;
735947677918715;6;;
735947677919595;1;;
735947677942801;2;;
735947677949167;3;;
735947677981806;32;;
735947677993426;6;;
735947677994144;1;;
735947678017350;2;;
735947678023785;3;;
735947678137384;32;;
735947678149016;6;;
735947678149549;1;;
735947678172766;2;;
735947678179051;3;;
735947678304225;34;;
735947678315868;6;;
735947678316678;1;;
735947678339919;2;;
735947678346354;3;;
735947678472199;35;;
735947678483831;6;;
735947678484433;1;;
735947678507651;2;;
735947678514063;3;;
735947678521412;31;;
735947678533056;6;;
735947678533611;1;;
735947678556829;2;;
735947678563090;3;;
735947678565625;32;;
735947678577245;6;;
735947678577975;1;;
735947678601192;2;;
735947678607500;3;;
735947678718785;34;;
735947678730428;6;;
735947678731181;1;;
735947678754398;2;;
735947678760613;3;;
735947678885093;34;;
735947678896725;6;;
735947678897164;1;;
735947678920394;2;;
735947678926644;3;;
735947678932454;35;;
735947678944086;6;;
735947678944630;1;;
735947678967847;2;;
735947678974167;3;;
735947679039745;34;;
735947679051377;6;;
735947679051887;1;;
735947679075116;2;;
735947679081458;3;;
735947679120579;34;;
735947679132222;6;;
735947679133033;1;;
735947679156262;2;;
735947679162685;3;;
735947679307604;34;;
735947679319236;6;;
735947679319965;1;;
735947679343183;2;;
735947679349526;3;;
735947679388634;32;;
735947679400266;6;;
735947679401030;1;;
735947679424271;2;;
735947679430718;3;;
735947679451898;32;;
735947679463519;6;;
735947679464178;1;;
735947679487408;2;;
735947679493634;3;;
735947679535150;33;;
735947679546782;6;;
735947679547755;1;;
735947679570972;2;;
735947679577245;3;;
735947679600069;35;;
735947679611701;6;;
735947679612350;1;;
735947679635579;2;;
735947679641875;3;;
735947679662593;35;;
735947679674225;6;;
735947679675486;1;;
735947679698715;2;;
735947679705058;3;;
735947679775255;35;;
735947679786898;6;;
735947679788276;1;;
735947679811505;2;;
735947679817894;3;;
735947679888461;34;;
735947679900116;6;;
735947679901864;1;;
735947679925081;2;;
735947679931435;3;;
735947680074375;33;;
735947680086007;6;;
735947680087951;1;;
735947680111169;2;;
735947680117558;3;;
735947680173345;34;;
735947680184988;6;;
735947680185660;1;;
735947680208901;2;;
735947680215440;3;;
735947680232350;35;;
735947680243982;6;;
735947680245151;1;;
735947680268380;2;;
735947680274815;3;;
735947680295984;32;;
735947680307627;6;;
735947680308218;1;;
735947680331435;2;;
735947680337685;3;;
735947680503357;33;;
735947680514988;6;;
735947680515544;1;;
735947680538750;2;;
735947680545035;3;;
735947680679271;34;;
735947680690914;6;;
735947680691516;1;;
735947680714734;2;;
735947680721042;3;;
735947680839109;35;;
735947680850741;6;;
735947680852222;1;;
735947680875451;2;;
735947680881794;3;;
735947681025012;34;;
735947681036655;6;;
735947681038264;1;;
735947681061470;2;;
735947681067894;3;;
735947681071076;32;;
735947681082697;6;;
735947681083229;1;;
735947681106458;2;;
735947681112720;3;;
735947681215370;32;;
735947681227002;6;;
735947681227801;1;;
735947681251030;2;;
735947681257465;3;;
735947681378900;34;;
735947681390532;6;;
735947681391806;1;;
735947681415035;2;;
735947681421377;3;;
735947681504132;35;;
735947681515764;6;;
735947681516238;1;;
735947681539456;2;;
735947681545926;3;;
735947681592002;34;;
735947681603646;6;;
735947681604352;1;;
735947681627570;2;;
735947681633889;3;;
735947681742025;35;;
735947681753657;6;;
735947681754537;1;;
735947681777778;2;;
735947681784213;3;;
735947681790498;32;;
735947681802130;6;;
735947681803576;1;;
735947681826806;2;;
735947681833183;3;;
735947681844329;31;;
735947681855949;6;;
735947681856482;1;;
735947681879699;2;;
735947681885984;3;;
735947681940880;33;;
735947681952523;6;;
735947681952998;1;;
735947681976227;2;;
735947681982512;3;;
735947682013403;33;;
735947682025046;6;;
735947682025648;1;;
735947682048866;2;;
735947682055093;3;;
735947682133646;32;;
735947682145278;6;;
735947682145903;1;;
735947682169132;2;;
735947682175695;3;;
735947682212639;32;;
735947682224271;6;;
735947682225035;1;;
735947682248264;2;;
735947682254653;3;;
735947682453854;33;;
735947682465498;6;;
735947682466157;1;;
735947682489375;2;;
735947682495695;3;;
735947682546898;31;;
735947682558542;6;;
735947682559329;1;;
735947682582569;2;;
735947682588773;3;;
735947682701366;33;;
735947682712986;6;;
735947682713519;1;;
735947682736748;2;;
735947682743218;3;;
735947682888947;32;;
735947682900590;6;;
735947682901539;1;;
735947682924745;2;;
735947682931100;3;;
735947682953877;32;;
735947682965509;6;;
735947682965972;1;;
735947682989201;2;;
735947682995660;3;;
735947683006597;32;;
735947683018241;6;;
735947683018785;1;;
735947683041991;2;;
735947683048426;3;;
735947683107234;31;;
735947683118866;6;;
735947683119549;1;;
735947683142778;2;;
735947683149144;3;;
735947683159398;31;;
735947683171030;6;;
735947683171701;1;;
735947683194942;2;;
735947683201215;3;;
735947683216192;35;;
735947683227813;6;;
735947683228530;1;;
735947683251759;2;;
735947683258160;3;;
735947683444838;34;;
735947683456470;6;;
735947683457396;1;;
735947683480613;2;;
735947683486725;3;;
735947683536400;33;;
735947683548021;6;;
735947683548519;1;;
735947683571748;2;;
735947683578206;3;;
735947683586169;31;;
735947683597789;6;;
735947683598692;1;;
735947683621910;2;;
735947683628310;3;;
735947683680324;33;;
735947683691956;6;;
735947683692639;1;;
735947683715857;2;;
735947683722107;3;;
735947683750058;32;;
735947683761701;6;;
735947683762350;1;;
735947683785579;2;;
735947683791887;3;;
735947683852732;32;;
735947683864364;6;;
735947683865799;1;;
735947683889028;2;;
735947683895359;3;;
735947683985556;34;;
735947683997188;6;;
735947683998646;1;;
735947684021863;2;;
735947684028438;3;;
735947684200694;34;;
735947684212326;6;;
735947684212755;1;;
735947684235972;2;;
735947684242234;3;;
735947684283553;33;;
735947684295197;6;;
735947684296192;1;;
735947684319410;2;;
735947684325868;3;;
735947684352002;33;;
735947684363634;6;;
735947684364155;1;;
735947684387384;2;;
735947684393646;3;;
735947684460220;33;;
735947684471852;6;;
735947684472442;1;;
735947684495671;2;;
735947684502188;3;;
735947684676655;34;;
735947684688287;6;;
735947684688901;1;;
735947684712118;2;;
735947684718576;3;;
735947684770255;33;;
735947684781887;6;;
735947684782512;1;;
735947684805752;2;;
735947684812037;3;;
735947684826123;34;;
735947684837766;6;;
735947684838657;1;;
735947684861875;2;;
735947684868241;3;;
735947684923241;34;;
735947684934873;6;;
735947684935440;1;;
735947684958657;2;;
735947684965069;3;;
735947685016667;32;;
735947685028299;6;;
735947685029005;1;;
735947685052222;2;;
735947685058530;3;;
735947685168345;32;;
735947685179977;6;;
735947685181343;1;;
735947685204583;2;;
735947685210961;3;;
735947685308935;34;;
735947685320579;6;;
735947685321042;1;;
735947685344259;2;;
735947685350556;3;;
735947685400683;33;;
735947685412338;6;;
735947685413900;1;;
735947685437130;2;;
735947685443565;3;;
735947685485046;33;;
735947685496678;6;;
735947685497338;1;;
735947685520567;2;;
735947685526921;3;;
735947685614907;34;;
735947685626551;6;;
735947685627095;1;;
735947685650313;2;;
735947685656771;3;;
735947685742546;33;;
735947685754178;6;;
735947685754734;1;;
735947685777963;2;;
735947685784491;3;;
735947685813958;35;;
735947685825590;6;;
735947685826250;1;;
735947685849479;2;;
735947685855729;3;;
735947685872037;32;;
735947685883681;6;;
735947685884225;1;;
735947685907442;2;;
735947685913750;3;;
735947686011898;32;;
735947686023530;6;;
735947686024155;1;;
735947686047361;2;;
735947686053681;3;;
735947686056296;31;;
735947686067928;6;;
735947686068576;1;;
735947686091782;2;;
735947686098113;3;;
735947686138056;33;;
735947686149688;6;;
735947686150255;1;;
735947686173484;2;;
735947686180000;3;;
735947686258114;34;;
735947686269757;6;;
735947686270590;1;;
735947686293808;2;;
735947686300185;3;;
735947686305278;32;;
735947686316921;6;;
735947686317546;1;;
735947686340764;2;;
735947686347083;3;;
735947686437373;34;;
735947686449005;6;;
735947686449734;1;;
735947686472951;2;;
735947686479352;3;;
735947686582199;33;;
735947686593843;6;;
735947686594375;1;;
735947686617604;2;;
735947686623819;3;;
735947686669711;35;;
735947686681343;6;;
735947686681794;1;;
735947686705023;2;;
735947686711320;3;;
735947686844340;33;;
735947686855972;6;;
735947686856817;1;;
735947686880058;2;;
735947686886343;3;;
735947686956991;33;;
735947686968623;6;;
735947686968657;66;;
