735947652854954;0;3,1,100,0,v5;
735947655111308;55;;
735947655124607;1;;
735947655147894;2;;
735947655155023;3;;
735947655209479;21;;
735947655221134;6;;
735947655221968;1;;
735947655245197;2;;
735947655251482;3;;
735947655299931;20;;
735947655311574;6;;
735947655313252;1;;
735947655336470;2;;
735947655342766;3;;
735947655397037;20;;
735947655408681;6;;
735947655409549;1;;
735947655432789;2;;
735947655438993;3;;
735947655445880;20;;
735947655457512;6;;
735947655458808;1;;
735947655482037;2;;
735947655488276;3;;
735947655499711;20;;
735947655511354;6;;
735947655512211;1;;
735947655535440;2;;
735947655541840;3;;
735947655560394;21;;
735947655572026;6;;
735947655573391;1;;
735947655596620;2;;
735947655602859;3;;
735947655623472;21;;
735947655635104;6;;
735947655635810;1;;
735947655659051;2;;
735947655665370;3;;
735947655690810;21;;
735947655702442;6;;
735947655703252;1;;
735947655726482;2;;
735947655732720;3;;
735947655751667;21;;
735947655763310;6;;
735947655764711;1;;
735947655787928;2;;
735947655794167;3;;
735947655802164;21;;
735947655813808;6;;
735947655814502;1;;
735947655837720;2;;
735947655843866;3;;
735947655845266;20;;
735947655856910;6;;
735947655858357;1;;
735947655881586;2;;
735947655887928;3;;
735947655911875;21;;
735947655923495;6;;
735947655924792;1;;
735947655947998;2;;
735947655954248;3;;
735947655974954;21;;
735947655986586;6;;
735947655987593;1;;
735947656010810;2;;
735947656017083;3;;
735947656043206;21;;
735947656054838;6;;
735947656055602;1;;
735947656078831;2;;
735947656085104;3;;
735947656102419;21;;
735947656114051;6;;
735947656115069;1;;
735947656138276;2;;
735947656144526;3;;
735947656174745;21;;
735947656186377;6;;
735947656186933;1;;
735947656210139;2;;
735947656216412;3;;
735947656231528;20;;
735947656243171;6;;
735947656244780;1;;
735947656268021;2;;
735947656274363;3;;
735947656298507;21;;
735947656310139;6;;
735947656311111;1;;
735947656334340;2;;
735947656340671;3;;
735947656368241;21;;
735947656379873;6;;
735947656380961;1;;
735947656404190;2;;
735947656410475;3;;
735947656425579;21;;
735947656437222;6;;
735947656438218;1;;
735947656461447;2;;
735947656467778;3;;
735947656487188;21;;
735947656498831;6;;
735947656500532;1;;
735947656523762;2;;
735947656529965;3;;
735947656554526;21;;
735947656566146;6;;
735947656566667;1;;
735947656589884;2;;
735947656596215;3;;
735947656636655;21;;
735947656648287;6;;
735947656648982;1;;
735947656672222;2;;
735947656678530;3;;
735947656697708;21;;
735947656709340;6;;
735947656710764;1;;
735947656733993;2;;
735947656740324;3;;
735947656758935;21;;
735947656770579;6;;
735947656771493;1;;
735947656794734;2;;
735947656801076;3;;
735947656815729;21;;
735947656827350;6;;
735947656828623;1;;
735947656851852;2;;
735947656858079;3;;
735947656885741;21;;
735947656897373;6;;
735947656898414;1;;
735947656921644;2;;
735947656927870;3;;
735947656946227;20;;
735947656957847;6;;
735947656958681;1;;
735947656981910;2;;
735947656988241;3;;
735947657044271;21;;
735947657055903;6;;
735947657057118;1;;
735947657080347;2;;
735947657086563;3;;
735947657303067;21;;
735947657314711;6;;
735947657315544;1;;
735947657338785;2;;
735947657345139;3;;
735947657363183;21;;
735947657374826;6;;
735947657375833;1;;
735947657399051;2;;
735947657405289;3;;
735947657452535;21;;
735947657464155;6;;
735947657465266;1;;
735947657488507;2;;
735947657494838;3;;
735947657500451;21;;
735947657512072;6;;
735947657512951;1;;
735947657536181;2;;
735947657542442;3;;
735947657550023;20;;
735947657561667;6;;
735947657563993;1;;
735947657587222;2;;
735947657593472;3;;
735947657604965;20;;
735947657616597;6;;
735947657617303;1;;
735947657640532;2;;
735947657646644;3;;
735947657650104;21;;
735947657661725;6;;
735947657662975;1;;
735947657686204;2;;
735947657692465;3;;
735947657697280;21;;
735947657708912;6;;
735947657710486;1;;
735947657733727;2;;
735947657740000;3;;
735947657744630;21;;
735947657756262;6;;
735947657757407;1;;
735947657780637;2;;
735947657786632;3;;
735947657791991;21;;
735947657803634;6;;
735947657804572;1;;
735947657827801;2;;
735947657834086;3;;
735947657897072;21;;
735947657908715;6;;
735947657909363;1;;
735947657932581;2;;
735947657938935;3;;
735947657970695;21;;
735947657982326;6;;
735947657983623;1;;
735947658006852;2;;
735947658013229;3;;
735947658027292;20;;
735947658038935;6;;
735947658040058;1;;
735947658063276;2;;
735947658069526;3;;
735947658090752;20;;
735947658102384;6;;
735947658103831;1;;
735947658127060;2;;
735947658133368;3;;
735947658159387;21;;
735947658171019;6;;
735947658172315;1;;
735947658195532;2;;
735947658201806;3;;
735947658234479;21;;
735947658246111;6;;
735947658246840;1;;
735947658270069;2;;
735947658276169;3;;
735947658316250;21;;
735947658327894;6;;
735947658328507;1;;
735947658351725;2;;
735947658358032;3;;
735947658373229;21;;
735947658384861;6;;
735947658385475;1;;
735947658408704;2;;
735947658415000;3;;
735947658431678;21;;
735947658443310;6;;
735947658444259;1;;
735947658467477;2;;
735947658473704;3;;
735947658504757;21;;
735947658516401;6;;
735947658517847;1;;
735947658541076;2;;
735947658547303;3;;
735947658548600;20;;
735947658560220;6;;
735947658561146;1;;
735947658584352;2;;
735947658590683;3;;
735947658612118;20;;
735947658623750;6;;
735947658624352;1;;
735947658647570;2;;
735947658653623;3;;
735947658695741;21;;
735947658707373;6;;
735947658708033;1;;
735947658731262;2;;
735947658737558;3;;
735947658773982;21;;
735947658785625;6;;
735947658786377;1;;
735947658809607;2;;
735947658815926;3;;
735947658830405;21;;
735947658842037;6;;
735947658843542;1;;
735947658866759;2;;
735947658872998;3;;
735947658888299;21;;
735947658899942;6;;
735947658900695;1;;
735947658923924;2;;
735947658930255;3;;
735947658955463;21;;
735947658967095;6;;
735947658967697;1;;
735947658990914;2;;
735947658997269;3;;
735947659012245;21;;
735947659023889;6;;
735947659026192;1;;
735947659049421;2;;
735947659055648;3;;
735947659061458;21;;
735947659073090;6;;
735947659073623;1;;
735947659096864;2;;
735947659103183;3;;
735947659106597;21;;
735947659118241;6;;
735947659119491;1;;
735947659142720;2;;
735947659149016;3;;
735947659180776;21;;
735947659192419;6;;
735947659193044;1;;
735947659216262;2;;
735947659222616;3;;
735947659232384;21;;
735947659244028;6;;
735947659244757;1;;
735947659267975;2;;
735947659274340;3;;
735947659291030;21;;
735947659302674;6;;
735947659304282;1;;
735947659327512;2;;
735947659333762;3;;
735947659355776;21;;
735947659367408;6;;
735947659369549;1;;
735947659392778;2;;
735947659399039;3;;
735947659404063;21;;
735947659415683;6;;
735947659417118;1;;
735947659440336;2;;
735947659446759;3;;
735947659452523;21;;
735947659464155;6;;
735947659465613;1;;
735947659488843;2;;
735947659495174;3;;
735947659513206;20;;
735947659524838;6;;
735947659526169;1;;
735947659549387;2;;
735947659555637;3;;
735947659571100;21;;
735947659582743;6;;
735947659583357;1;;
735947659606574;2;;
735947659612894;3;;
735947659626227;21;;
735947659637870;6;;
735947659638530;1;;
735947659661748;2;;
735947659668090;3;;
735947659688380;21;;
735947659700023;6;;
735947659700856;1;;
735947659724086;2;;
735947659730313;3;;
735947659747037;20;;
735947659758669;6;;
735947659759595;1;;
735947659782836;2;;
735947659789005;3;;
735947659814919;21;;
735947659826539;6;;
735947659827558;1;;
735947659850787;2;;
735947659857211;3;;
735947659871956;21;;
735947659883600;6;;
735947659885012;1;;
735947659908252;2;;
735947659914375;3;;
735947659937639;21;;
735947659949271;6;;
735947659950729;1;;
735947659973947;2;;
735947659980255;3;;
735947659991840;21;;
735947660003461;6;;
735947660004109;1;;
735947660027326;2;;
735947660033449;3;;
735947660048993;21;;
735947660060637;6;;
735947660061539;1;;
735947660084769;2;;
735947660091042;3;;
735947660113750;20;;
735947660125394;6;;
735947660126354;1;;
735947660149583;2;;
735947660156007;3;;
735947660172755;21;;
735947660184398;6;;
735947660185752;1;;
735947660208982;2;;
735947660215313;3;;
735947660222338;20;;
735947660233958;6;;
735947660234444;1;;
735947660257662;2;;
735947660263947;3;;
735947660301134;21;;
735947660312778;6;;
735947660313657;1;;
735947660336864;2;;
735947660343148;3;;
735947660349792;20;;
735947660361435;6;;
735947660362130;1;;
735947660385359;2;;
735947660391701;3;;
735947660398079;21;;
735947660409699;6;;
735947660410428;1;;
735947660433646;2;;
735947660439977;3;;
735947660444873;21;;
735947660456505;6;;
735947660457766;1;;
735947660480995;2;;
735947660487245;3;;
735947660498704;21;;
735947660510336;6;;
735947660512963;1;;
735947660536181;2;;
735947660542442;3;;
735947660554213;20;;
735947660565833;6;;
735947660566678;1;;
735947660589896;2;;
735947660596227;3;;
735947660609514;21;;
735947660621157;6;;
735947660621945;1;;
735947660645174;2;;
735947660651458;3;;
735947660673889;21;;
735947660685532;6;;
735947660686192;1;;
735947660709410;2;;
735947660715706;3;;
735947660731806;21;;
735947660743438;6;;
735947660744410;1;;
735947660767651;2;;
735947660773993;3;;
735947660782488;21;;
735947660794109;6;;
735947660794838;1;;
735947660818067;2;;
735947660824364;3;;
735947660850926;21;;
735947660862546;6;;
735947660863183;1;;
735947660886412;2;;
735947660892743;3;;
735947660906979;21;;
735947660918611;6;;
735947660920602;1;;
735947660943831;2;;
735947660950093;3;;
735947660988380;21;;
735947661000012;6;;
735947661000775;1;;
735947661023993;2;;
735947661030266;3;;
735947661047199;21;;
735947661058843;6;;
735947661059850;1;;
735947661083067;2;;
735947661089317;3;;
735947661102326;21;;
735947661113958;6;;
735947661114664;1;;
735947661137905;2;;
735947661144178;3;;
735947661156910;21;;
735947661168542;6;;
735947661169595;1;;
735947661192824;2;;
735947661199051;3;;
735947661214248;20;;
735947661225891;6;;
735947661227419;1;;
735947661250660;2;;
735947661256991;3;;
735947661265486;21;;
735947661277130;6;;
735947661277813;1;;
735947661301019;2;;
735947661307338;3;;
735947661328391;21;;
735947661340023;6;;
735947661341447;1;;
735947661364664;2;;
735947661370914;3;;
735947661381852;21;;
735947661393484;6;;
735947661394236;1;;
735947661417477;2;;
735947661423704;3;;
735947661435127;21;;
735947661446759;6;;
735947661447581;1;;
735947661470810;2;;
735947661477130;3;;
735947661498750;21;;
735947661510394;6;;
735947661510440;66;;
