733330511209201;0;1,2,200,v3;
733330511425949;55;;
733330511438808;1;;
733330511450405;2;;
733330511456192;3;;
733330511606528;31;;
733330511618241;6;;
733330511619051;1;;
733330511630637;2;;
733330511636435;3;;
733330511659618;31;;
733330511671204;6;;
733330511672245;1;;
733330511683843;2;;
733330511689630;3;;
733330511707257;31;;
733330511718958;6;;
733330511719653;1;;
733330511731250;2;;
733330511737037;3;;
733330511745498;31;;
733330511757095;6;;
733330511757789;1;;
733330511769375;2;;
733330511775174;3;;
733330511794525;34;;
733330511806123;6;;
733330511806817;1;;
733330511818403;2;;
733330511824202;3;;
733330511853762;31;;
733330511865347;6;;
733330511866389;1;;
733330511877986;2;;
733330511883773;3;;
733330512400613;31;;
733330512412199;6;;
733330512413009;1;;
733330512424838;2;;
733330512430625;3;;
733330512488588;31;;
733330512500174;6;;
733330512500984;1;;
733330512512581;2;;
733330512518368;3;;
733330512530197;34;;
733330512541783;6;;
733330512542593;1;;
733330512554190;2;;
733330512559988;3;;
733330512564039;31;;
733330512575625;6;;
733330512576331;1;;
733330512587917;2;;
733330512593715;3;;
733330512595336;31;;
733330512607037;6;;
733330512608195;1;;
733330512619907;2;;
733330512625706;3;;
733330512678901;31;;
733330512690498;6;;
733330512691192;1;;
733330512702778;2;;
733330512708576;3;;
733330512712870;31;;
733330512724572;6;;
733330512725382;1;;
733330512736968;2;;
733330512742766;3;;
733330512751227;34;;
733330512762824;6;;
733330512763750;1;;
733330512775336;2;;
733330512781134;3;;
733330512792951;31;;
733330512804549;6;;
733330512805590;1;;
733330512817176;2;;
733330512822975;3;;
733330512826921;31;;
733330512838623;6;;
733330512839086;1;;
733330512850683;2;;
733330512856470;3;;
733330512856817;34;;
733330512868414;6;;
733330512869225;1;;
733330512880810;2;;
733330512886609;3;;
733330512891019;31;;
733330512902604;6;;
733330512903414;1;;
733330512915012;2;;
733330512920799;3;;
733330512924283;34;;
733330512935868;6;;
733330512936563;1;;
733330512948160;2;;
733330512953947;3;;
733330512956158;34;;
733330512967743;6;;
733330512968438;1;;
733330512980035;2;;
733330512985822;3;;
733330512992778;34;;
733330513004375;6;;
733330513005417;1;;
733330513017002;2;;
733330513022801;3;;
733330513027674;31;;
733330513039259;6;;
733330513039954;1;;
733330513051667;2;;
733330513057454;3;;
733330513076123;31;;
733330513087708;6;;
733330513088982;1;;
733330513100579;2;;
733330513106366;3;;
733330513128970;31;;
733330513140683;6;;
733330513141493;1;;
733330513153079;2;;
733330513158877;3;;
733330513163160;31;;
733330513174757;6;;
733330513175567;1;;
733330513187153;2;;
733330513192952;3;;
733330513197477;31;;
733330513209063;6;;
733330513209989;1;;
733330513221586;2;;
733330513227373;3;;
733330513236887;31;;
733330513248472;6;;
733330513249282;1;;
733330513260880;2;;
733330513266667;3;;
733330513309329;31;;
733330513320914;6;;
733330513321725;1;;
733330513333322;2;;
733330513339109;3;;
733330513339340;34;;
733330513350938;6;;
733330513351516;1;;
733330513363102;2;;
733330513368901;3;;
733330513373773;31;;
733330513385475;6;;
733330513386632;1;;
733330513398345;2;;
733330513404132;3;;
733330513431146;31;;
733330513442732;6;;
733330513443426;1;;
733330513455023;2;;
733330513460810;3;;
733330513466030;34;;
733330513477627;6;;
733330513478669;1;;
733330513490370;2;;
733330513496169;3;;
733330513512396;31;;
733330513524097;6;;
733330513525255;1;;
733330513536968;2;;
733330513542766;3;;
733330513551921;31;;
733330513563623;6;;
733330513564780;1;;
733330513576377;2;;
733330513582176;3;;
733330513622859;31;;
733330513634445;6;;
733330513635255;1;;
733330513646852;2;;
733330513652639;3;;
733330513660521;31;;
733330513672118;6;;
733330513673623;1;;
733330513685208;2;;
733330513691007;3;;
733330513714074;31;;
733330513725660;6;;
733330513726470;1;;
733330513738067;2;;
733330513743866;3;;
733330513747917;31;;
733330513759630;6;;
733330513760324;1;;
733330513772026;2;;
733330513777824;3;;
733330513799259;31;;
733330513810857;6;;
733330513811667;1;;
733330513823252;2;;
733330513829051;3;;
733330513840764;34;;
733330513852350;6;;
733330513853160;1;;
733330513864757;2;;
733330513870544;3;;
733330513882836;31;;
733330513894537;6;;
733330513895694;1;;
733330513907292;2;;
733330513913090;3;;
733330513920857;31;;
733330513932558;6;;
733330513933600;1;;
733330513945313;2;;
733330513951100;3;;
733330513983785;31;;
733330513995382;6;;
733330513996192;1;;
733330514007778;2;;
733330514013577;3;;
733330514013808;34;;
733330514025405;6;;
733330514026215;1;;
733330514037917;2;;
733330514043715;3;;
733330514048461;31;;
733330514060058;6;;
733330514062257;1;;
733330514073854;2;;
733330514079641;3;;
733330514100625;31;;
733330514112211;6;;
733330514113021;1;;
733330514124618;2;;
733330514130417;3;;
733330514136782;31;;
733330514148495;6;;
733330514148843;1;;
733330514160428;2;;
733330514166227;3;;
733330514169236;34;;
733330514180949;6;;
733330514181644;1;;
733330514193229;2;;
733330514199028;3;;
733330514202512;34;;
733330514214213;6;;
733330514215255;1;;
733330514226852;2;;
733330514232639;3;;
733330514272743;31;;
733330514284340;6;;
733330514285035;1;;
733330514296736;2;;
733330514302535;3;;
733330514302766;34;;
733330514314468;6;;
733330514315174;1;;
733330514326759;2;;
733330514332558;3;;
733330514353646;34;;
733330514365243;6;;
733330514366053;1;;
733330514377639;2;;
733330514383438;3;;
733330514396077;34;;
733330514407662;6;;
733330514409282;1;;
733330514420880;2;;
733330514426667;3;;
733330514428993;31;;
733330514440579;6;;
733330514441389;1;;
733330514452986;2;;
733330514458773;3;;
733330514465613;34;;
733330514477326;6;;
733330514477789;1;;
733330514489375;2;;
733330514495174;3;;
733330514508738;34;;
733330514520440;6;;
733330514521597;1;;
733330514533195;2;;
733330514538982;3;;
733330514546169;34;;
733330514557882;6;;
733330514558229;1;;
733330514569815;2;;
733330514575613;3;;
733330514575729;34;;
733330514587315;6;;
733330514587894;1;;
733330514599491;2;;
733330514605289;3;;
733330514615023;34;;
733330514626609;6;;
733330514627651;1;;
733330514639248;2;;
733330514645046;3;;
733330514653160;31;;
733330514664861;6;;
733330514665671;1;;
733330514677269;2;;
733330514683056;3;;
733330514687697;34;;
733330514699282;6;;
733330514699977;1;;
733330514711690;2;;
733330514717488;3;;
733330514727338;34;;
733330514739039;6;;
733330514739850;1;;
733330514751447;2;;
733330514757234;3;;
733330514762801;34;;
733330514774514;6;;
733330514775556;1;;
733330514787141;2;;
733330514792940;3;;
733330514799086;31;;
733330514810671;6;;
733330514811713;1;;
733330514823426;2;;
733330514829213;3;;
733330514834086;31;;
733330514845671;6;;
733330514846377;1;;
733330514858079;2;;
733330514863877;3;;
733330514890880;31;;
733330514902593;6;;
733330514903519;1;;
733330514915104;2;;
733330514920903;3;;
733330514925764;31;;
733330514937361;6;;
733330514938171;1;;
733330514949757;2;;
733330514955556;3;;
733330514962164;34;;
733330514973750;6;;
733330514974329;1;;
733330514986042;2;;
733330514991840;3;;
733330515020347;34;;
733330515031945;6;;
733330515032407;1;;
733330515043993;2;;
733330515049792;3;;
733330515055822;31;;
733330515067407;6;;
733330515068333;1;;
733330515080046;2;;
733330515085833;3;;
733330515090822;31;;
733330515102523;6;;
733330515104387;1;;
733330515115972;2;;
733330515121771;3;;
733330515126979;31;;
733330515138576;6;;
733330515139502;1;;
733330515151088;2;;
733330515156887;3;;
733330515202326;31;;
733330515214028;6;;
733330515214838;1;;
733330515226435;2;;
733330515232234;3;;
733330515237095;31;;
733330515248692;6;;
733330515249387;1;;
733330515260972;2;;
733330515266771;3;;
733330515268738;34;;
733330515280324;6;;
733330515281146;1;;
733330515292732;2;;
733330515298530;3;;
733330515300845;31;;
733330515312431;6;;
733330515313137;1;;
733330515324838;2;;
733330515330637;3;;
733330515334225;34;;
733330515345822;6;;
733330515346979;1;;
733330515358565;2;;
733330515364364;3;;
733330515368414;31;;
733330515380012;6;;
733330515381053;1;;
733330515392639;2;;
733330515398438;3;;
733330515408056;31;;
733330515419769;6;;
733330515420579;1;;
733330515432164;2;;
733330515437963;3;;
733330515467639;31;;
733330515479225;6;;
733330515479688;1;;
733330515491285;2;;
733330515497072;3;;
733330515498588;34;;
733330515510174;6;;
733330515511215;1;;
733330515522813;2;;
733330515528600;3;;
733330515537639;31;;
733330515549236;6;;
733330515550509;1;;
733330515562095;2;;
733330515567894;3;;
733330515576586;31;;
733330515588183;6;;
733330515589456;1;;
733330515601158;2;;
733330515606956;3;;
733330515613796;31;;
733330515625382;6;;
733330515626308;1;;
733330515637905;2;;
733330515643704;3;;
733330515648333;31;;
733330515659931;6;;
733330515661088;1;;
733330515672674;2;;
733330515678472;3;;
733330515691227;31;;
733330515702813;6;;
733330515703507;1;;
733330515715220;2;;
733330515721007;3;;
733330515730162;31;;
733330515741759;6;;
733330515742570;1;;
733330515754155;2;;
733330515759954;3;;
733330515765521;31;;
733330515777107;6;;
733330515777917;1;;
733330515789514;2;;
733330515795301;3;;
733330515804468;31;;
733330515816169;6;;
733330515816979;1;;
733330515828576;2;;
733330515834363;3;;
733330515839699;31;;
733330515851285;6;;
733330515851979;1;;
733330515863692;2;;
733330515869491;3;;
733330515873195;31;;
733330515884908;6;;
733330515885602;1;;
733330515897188;2;;
733330515902986;3;;
733330515905185;34;;
733330515916898;6;;
733330515917940;1;;
733330515929526;2;;
733330515935324;3;;
733330515937986;34;;
733330515949583;6;;
733330515950278;1;;
733330515961864;2;;
733330515967662;3;;
733330515972639;34;;
733330515984352;6;;
733330515985162;1;;
733330515996748;2;;
733330516002546;3;;
733330516006146;34;;
733330516017732;6;;
733330516018773;1;;
733330516030370;2;;
733330516036157;3;;
733330516040914;34;;
733330516052616;6;;
733330516053079;1;;
733330516064676;2;;
733330516070475;3;;
733330516075451;34;;
733330516087164;6;;
733330516087859;1;;
733330516099560;2;;
733330516105359;3;;
733330516111273;34;;
733330516122859;6;;
733330516123553;1;;
733330516135151;2;;
733330516140938;3;;
733330516144884;34;;
733330516156470;6;;
733330516157512;1;;
733330516169109;2;;
733330516174908;3;;
733330516180926;34;;
733330516192523;6;;
733330516192523;66;;
