732761500437026;55;;
732761500453484;1;;
732761500465081;2;;
732761500470868;3;;
732761500472616;36;;
732761500484201;6;;
732761500485012;1;;
732761500496609;2;;
732761500502396;3;;
732761500516424;31;;
732761500528137;6;;
732761500529410;1;;
732761500540995;2;;
732761500546794;3;;
732761500551887;31;;
732761500563600;6;;
732761500564294;1;;
732761500575880;2;;
732761500581678;3;;
732761500609618;34;;
732761500621204;6;;
732761500621667;1;;
732761500633380;2;;
732761500639167;3;;
732761500646933;36;;
732761500658646;6;;
732761500659919;1;;
732761500671505;2;;
732761500677303;3;;
732761500704537;35;;
732761500716134;6;;
732761500716945;1;;
732761500728646;2;;
732761500734445;3;;
732761500741169;31;;
732761500752870;6;;
732761500753345;1;;
732761500764931;2;;
732761500770729;3;;
732761500774549;36;;
732761500786146;6;;
732761500786956;1;;
732761500798542;2;;
732761500804340;3;;
732761500818137;32;;
732761500829722;6;;
732761500830069;1;;
732761500841655;2;;
732761500847454;3;;
732761500851979;36;;
732761500863565;6;;
732761500864722;1;;
732761500876320;2;;
732761500882118;3;;
732761500906215;33;;
732761500917813;6;;
732761500918970;1;;
732761500930567;2;;
732761500936354;3;;
732761500956412;35;;
732761500967998;6;;
732761500968808;1;;
732761500980405;2;;
732761500986192;3;;
732761500989792;36;;
732761501001493;6;;
732761501002651;1;;
732761501014363;2;;
732761501020162;3;;
732761501024792;31;;
732761501036505;6;;
732761501036968;1;;
732761501048553;2;;
732761501054352;3;;
732761501076262;35;;
732761501087847;6;;
732761501088889;1;;
732761501100602;2;;
732761501106389;3;;
732761501111377;31;;
732761501122963;6;;
732761501123785;1;;
732761501135370;2;;
732761501141169;3;;
732761501151366;31;;
732761501162951;6;;
732761501163530;1;;
732761501175127;2;;
732761501180926;3;;
732761501187998;36;;
732761501199583;6;;
732761501200046;1;;
732761501211632;2;;
732761501217431;3;;
732761501235625;36;;
732761501247338;6;;
732761501247801;1;;
732761501259502;2;;
732761501265301;3;;
732761501282222;31;;
732761501293819;6;;
732761501294398;1;;
732761501305984;2;;
732761501311782;3;;
732761501337396;34;;
732761501349109;6;;
732761501352928;1;;
732761501364630;2;;
732761501370428;3;;
732761501379931;35;;
732761501391528;6;;
732761501391991;1;;
732761501403576;2;;
732761501409375;3;;
732761501414479;36;;
732761501426065;6;;
732761501426875;1;;
732761501438472;2;;
732761501444259;3;;
732761501467326;32;;
732761501479039;6;;
732761501479502;1;;
732761501491088;2;;
732761501496887;3;;
732761501505463;36;;
732761501517049;6;;
732761501518218;1;;
732761501529803;2;;
732761501535602;3;;
732761501538032;36;;
732761501549734;6;;
732761501550556;1;;
732761501562141;2;;
732761501567940;3;;
732761501581609;31;;
732761501593206;6;;
732761501593785;1;;
732761501605486;2;;
732761501611285;3;;
732761501619977;35;;
732761501631574;6;;
732761501632384;1;;
732761501643970;2;;
732761501649769;3;;
732761501655914;36;;
732761501667500;6;;
732761501668194;1;;
732761501679792;2;;
732761501685579;3;;
732761501716644;31;;
732761501728357;6;;
732761501729167;1;;
732761501740752;2;;
732761501746551;3;;
732761501752118;36;;
732761501763704;6;;
732761501764282;1;;
732761501775880;2;;
732761501781667;3;;
732761501806701;34;;
732761501818299;6;;
732761501820266;1;;
732761501831852;2;;
732761501837650;3;;
732761501848553;32;;
732761501860255;6;;
732761501861065;1;;
732761501872662;2;;
732761501878449;3;;
732761501887257;31;;
732761501898854;6;;
732761501899664;1;;
732761501911250;2;;
732761501917049;3;;
732761501922616;31;;
732761501934201;6;;
732761501935706;1;;
732761501947419;2;;
732761501953218;3;;
732761501958310;35;;
732761501969907;6;;
732761501971296;1;;
732761501982882;2;;
732761501988681;3;;
732761502019051;33;;
732761502030637;6;;
732761502030984;1;;
732761502042581;2;;
732761502048368;3;;
732761502061470;36;;
732761502073056;6;;
732761502073877;1;;
732761502085579;2;;
732761502091377;3;;
732761502106100;35;;
732761502117685;6;;
732761502118148;1;;
732761502129861;2;;
732761502135648;3;;
732761502145035;36;;
732761502156748;6;;
732761502157211;1;;
732761502168912;2;;
732761502174711;3;;
732761502180972;31;;
732761502192558;6;;
732761502193715;1;;
732761502205313;2;;
732761502211111;3;;
732761502225590;32;;
732761502237188;6;;
732761502237882;1;;
732761502249583;2;;
732761502255382;3;;
732761502261296;36;;
732761502272882;6;;
732761502274387;1;;
732761502285984;2;;
732761502291782;3;;
732761502296296;31;;
732761502308009;6;;
732761502308935;1;;
732761502320521;2;;
732761502326320;3;;
732761502332465;31;;
732761502344051;6;;
732761502344861;1;;
732761502356458;2;;
732761502362245;3;;
732761502368507;31;;
732761502380104;6;;
732761502380914;1;;
732761502392500;2;;
732761502398299;3;;
732761502408727;35;;
732761502420324;6;;
732761502421134;1;;
732761502432720;2;;
732761502438519;3;;
732761502452199;31;;
732761502463901;6;;
732761502464942;1;;
732761502476655;2;;
732761502482442;3;;
732761502488125;36;;
732761502499711;6;;
732761502500995;1;;
732761502512697;2;;
732761502518495;3;;
732761502525683;35;;
732761502537384;6;;
732761502537847;1;;
732761502549445;2;;
732761502555232;3;;
732761502561262;36;;
732761502572975;6;;
732761502573553;1;;
732761502585139;2;;
732761502590938;3;;
732761502598009;31;;
732761502609595;6;;
732761502610752;1;;
732761502622350;2;;
732761502628137;3;;
732761502632894;35;;
732761502644595;6;;
732761502645070;1;;
732761502656655;2;;
732761502662454;3;;
732761502677755;36;;
732761502689340;6;;
732761502690151;1;;
732761502701748;2;;
732761502707535;3;;
732761502713218;31;;
732761502724803;6;;
732761502725857;1;;
732761502737442;2;;
732761502743241;3;;
732761502748449;31;;
732761502760046;6;;
732761502760857;1;;
732761502772442;2;;
732761502778241;3;;
732761502784039;31;;
732761502795625;6;;
732761502796088;1;;
732761502807685;2;;
732761502813472;3;;
732761502832951;35;;
732761502844653;6;;
732761502845116;1;;
732761502856713;2;;
732761502862512;3;;
732761502871782;36;;
732761502883368;6;;
732761502884641;1;;
732761502896239;2;;
732761502902026;3;;
732761502910370;31;;
732761502922083;6;;
732761502922894;1;;
732761502934479;2;;
732761502940278;3;;
732761502961377;33;;
732761502972963;6;;
732761502974005;1;;
732761502985718;2;;
732761502991516;3;;
732761502997072;35;;
732761503008669;6;;
732761503009826;1;;
732761503021412;2;;
732761503027211;3;;
732761503032546;31;;
732761503044132;6;;
732761503044827;1;;
732761503056424;2;;
732761503062211;3;;
732761503071366;32;;
732761503083079;6;;
732761503084236;1;;
732761503095833;2;;
732761503101620;3;;
732761503146829;34;;
732761503158414;6;;
732761503158877;1;;
732761503170590;2;;
732761503176389;3;;
732761503183565;36;;
732761503195162;6;;
732761503196320;1;;
732761503207905;2;;
732761503213704;3;;
732761503218345;31;;
732761503229931;6;;
732761503231204;1;;
732761503242801;2;;
732761503248600;3;;
732761503256713;31;;
732761503268299;6;;
732761503269456;1;;
732761503281053;2;;
732761503286840;3;;
732761503300405;31;;
732761503311991;6;;
732761503313044;1;;
732761503324630;2;;
732761503330428;3;;
732761503350822;32;;
732761503362419;6;;
732761503363229;1;;
732761503374815;2;;
732761503380613;3;;
732761503391968;33;;
732761503403565;6;;
732761503404375;1;;
732761503415961;2;;
732761503421759;3;;
732761503428021;36;;
732761503439607;6;;
732761503440532;1;;
732761503452130;2;;
732761503457928;3;;
732761503463715;36;;
732761503475428;6;;
732761503475891;1;;
732761503487477;2;;
732761503493276;3;;
732761503498727;36;;
732761503510313;6;;
732761503511354;1;;
732761503522951;2;;
732761503528738;3;;
732761503548449;35;;
732761503560035;6;;
732761503560961;1;;
732761503572558;2;;
732761503578345;3;;
732761503595046;33;;
732761503606632;6;;
732761503607442;1;;
732761503619039;2;;
732761503624826;3;;
732761503644884;31;;
732761503656470;6;;
732761503657743;1;;
732761503669340;2;;
732761503675127;3;;
732761503680347;31;;
732761503692060;6;;
732761503693102;1;;
732761503704688;2;;
732761503710486;3;;
732761503730070;32;;
732761503741782;6;;
732761503742477;1;;
732761503754063;2;;
732761503759861;3;;
732761503780729;31;;
732761503792431;6;;
732761503792894;1;;
732761503804491;2;;
732761503810278;3;;
732761503821065;35;;
732761503832651;6;;
732761503833461;1;;
732761503845058;2;;
732761503850845;3;;
732761503857222;34;;
732761503868820;6;;
732761503869514;1;;
732761503881100;2;;
732761503886898;3;;
732761503895475;36;;
732761503907060;6;;
732761503908102;1;;
732761503919815;2;;
732761503925614;3;;
732761503932674;31;;
732761503944271;6;;
732761503945081;1;;
732761503956667;2;;
732761503962465;3;;
732761503967570;31;;
732761503979271;6;;
732761503980081;1;;
732761503991678;2;;
732761503997477;3;;
732761504009294;33;;
732761504020880;6;;
732761504022280;1;;
732761504033866;2;;
732761504039664;3;;
732761504046157;31;;
732761504057743;6;;
732761504058785;1;;
732761504070498;2;;
732761504076285;3;;
732761504080000;31;;
732761504091586;6;;
732761504092280;1;;
732761504103877;2;;
732761504109664;3;;
732761504114537;36;;
732761504126250;6;;
732761504126713;1;;
732761504138299;2;;
732761504144097;3;;
732761504151863;36;;
732761504163449;6;;
732761504164259;1;;
732761504175972;2;;
732761504181759;3;;
732761504194051;35;;
732761504205637;6;;
732761504206458;1;;
732761504218044;2;;
732761504223843;3;;
732761504241690;36;;
732761504253276;6;;
732761504254201;1;;
732761504265799;2;;
732761504271597;3;;
732761504279479;32;;
732761504291065;6;;
732761504291991;1;;
732761504303704;2;;
732761504309491;3;;
732761504317951;36;;
732761504329549;6;;
732761504330243;1;;
732761504341829;2;;
732761504347627;3;;
732761504352616;35;;
732761504364201;6;;
732761504364664;1;;
732761504376377;2;;
732761504382164;3;;
732761504389120;34;;
732761504400718;6;;
732761504401412;1;;
732761504412998;2;;
732761504418796;3;;
732761504430845;36;;
732761504442442;6;;
732761504443137;1;;
732761504454722;2;;
732761504460521;3;;
732761504471875;34;;
732761504483588;6;;
732761504485324;1;;
732761504496921;2;;
732761504502708;3;;
732761504512685;32;;
732761504524271;6;;
732761504525081;1;;
732761504536678;2;;
732761504542465;3;;
732761504553715;33;;
732761504565301;6;;
732761504565301;66;;
