732942524653021;0;1,2,200,v3;
732942525860081;55;;
732942525876076;1;;
732942525887674;2;;
732942525893472;3;;
732942525925695;31;;
732942525937396;6;;
732942525938206;1;;
732942525949803;2;;
732942525955590;3;;
732942525972049;31;;
732942525983646;6;;
732942525984572;1;;
732942525996157;2;;
732942526001956;3;;
732942526011458;31;;
732942526023056;6;;
732942526023750;1;;
732942526035336;2;;
732942526041134;3;;
732942526085868;32;;
732942526097465;6;;
732942526098160;1;;
732942526109745;2;;
732942526115544;3;;
732942526150787;35;;
732942526162373;6;;
732942526163067;1;;
732942526174664;2;;
732942526180451;3;;
732942526195868;36;;
732942526207581;6;;
732942526208623;1;;
732942526220208;2;;
732942526226007;3;;
732942526238171;31;;
732942526249884;6;;
732942526250694;1;;
732942526262280;2;;
732942526268079;3;;
732942526340174;36;;
732942526351887;6;;
732942526352697;1;;
732942526364282;2;;
732942526370081;3;;
732942526392454;31;;
732942526404155;6;;
732942526404965;1;;
732942526416563;2;;
732942526422350;3;;
732942526439387;36;;
732942526450984;6;;
732942526451678;1;;
732942526463264;2;;
732942526469063;3;;
732942526485637;34;;
732942526497350;6;;
732942526501516;1;;
732942526513113;2;;
732942526518900;3;;
732942526542431;35;;
732942526554028;6;;
732942526554722;1;;
732942526566308;2;;
732942526572107;3;;
732942526599109;36;;
732942526610706;6;;
732942526611400;1;;
732942526623102;2;;
732942526628900;3;;
732942526671204;32;;
732942526682801;6;;
732942526683611;1;;
732942526695313;2;;
732942526701111;3;;
732942526720579;31;;
732942526732292;6;;
732942526733565;1;;
732942526745266;2;;
732942526751065;3;;
732942526786065;31;;
732942526797662;6;;
732942526798125;1;;
732942526809711;2;;
732942526815509;3;;
732942526832083;36;;
732942526843796;6;;
732942526847384;1;;
732942526858982;2;;
732942526864769;3;;
732942526887488;35;;
732942526899086;6;;
732942526899896;1;;
732942526911482;2;;
732942526917280;3;;
732942526927940;36;;
732942526939537;6;;
732942526940232;1;;
732942526951817;2;;
732942526957616;3;;
732942526973843;36;;
732942526985428;6;;
732942526986123;1;;
732942526997720;2;;
732942527003507;3;;
732942527016840;36;;
732942527028553;6;;
732942527029595;1;;
732942527041296;2;;
732942527047095;3;;
732942527068195;31;;
732942527079896;6;;
732942527080706;1;;
732942527092303;2;;
732942527098090;3;;
732942527155116;33;;
732942527166829;6;;
732942527168102;1;;
732942527179688;2;;
732942527185486;3;;
732942527204375;31;;
732942527215972;6;;
732942527216783;1;;
732942527228368;2;;
732942527234167;3;;
732942527266505;31;;
732942527278102;6;;
732942527278912;1;;
732942527290498;2;;
732942527296296;3;;
732942527327708;32;;
732942527339294;6;;
732942527340104;1;;
732942527351817;2;;
732942527357604;3;;
732942527374306;35;;
732942527385891;6;;
732942527386701;1;;
732942527398299;2;;
732942527404086;3;;
732942527451377;33;;
732942527462975;6;;
732942527463785;1;;
732942527475370;2;;
732942527481169;3;;
732942527500289;36;;
732942527511887;6;;
732942527515243;1;;
732942527526829;2;;
732942527532627;3;;
732942527577604;33;;
732942527589190;6;;
732942527590347;1;;
732942527601944;2;;
732942527607743;3;;
732942527625127;36;;
732942527636829;6;;
732942527637523;1;;
732942527649120;2;;
732942527654907;3;;
732942527670324;36;;
732942527682037;6;;
732942527683195;1;;
732942527694780;2;;
732942527700579;3;;
732942527714491;31;;
732942527726076;6;;
732942527727234;1;;
732942527738831;2;;
732942527744630;3;;
732942527790174;32;;
732942527801771;6;;
732942527803044;1;;
732942527814630;2;;
732942527820428;3;;
732942527828889;36;;
732942527840475;6;;
732942527841181;1;;
732942527852882;2;;
732942527858681;3;;
732942527886377;32;;
732942527897975;6;;
732942527899363;1;;
732942527910949;2;;
732942527916748;3;;
732942527930428;31;;
732942527942014;6;;
732942527942824;1;;
732942527954421;2;;
732942527960208;3;;
732942528012257;33;;
732942528023843;6;;
732942528024537;1;;
732942528036250;2;;
732942528042037;3;;
732942528070556;35;;
732942528082141;6;;
732942528082963;1;;
732942528094549;2;;
732942528100347;3;;
732942528133727;32;;
732942528145313;6;;
732942528146123;1;;
732942528157720;2;;
732942528163519;3;;
732942528175914;31;;
732942528187512;6;;
732942528188669;1;;
732942528200255;2;;
732942528206053;3;;
732942528225868;36;;
732942528237465;6;;
732942528238507;1;;
732942528250093;2;;
732942528255891;3;;
732942528312685;35;;
732942528324282;6;;
732942528325093;1;;
732942528336678;2;;
732942528342477;3;;
732942528352674;36;;
732942528364387;6;;
732942528365197;1;;
732942528376782;2;;
732942528382581;3;;
732942528392894;36;;
732942528404491;6;;
732942528405648;1;;
732942528417234;2;;
732942528423032;3;;
732942528453634;31;;
732942528465220;6;;
732942528466030;1;;
732942528477627;2;;
732942528483414;3;;
732942528492107;31;;
732942528503820;6;;
732942528504167;1;;
732942528515752;2;;
732942528521551;3;;
732942528534769;36;;
732942528546354;6;;
732942528547049;1;;
732942528558646;2;;
732942528564433;3;;
732942528574757;36;;
732942528586458;6;;
732942528587500;1;;
732942528599097;2;;
732942528604884;3;;
732942528626100;31;;
732942528637697;6;;
732942528638391;1;;
732942528650093;2;;
732942528655891;3;;
732942528662269;36;;
732942528673854;6;;
732942528674664;1;;
732942528686262;2;;
732942528692049;3;;
732942528701667;36;;
732942528713264;6;;
732942528714074;1;;
732942528725660;2;;
732942528731458;3;;
732942528738762;36;;
732942528750347;6;;
732942528751400;1;;
732942528762986;2;;
732942528768785;3;;
732942528775625;36;;
732942528787211;6;;
732942528788021;1;;
732942528799618;2;;
732942528805405;3;;
732942528813171;36;;
732942528824769;6;;
732942528825116;1;;
732942528836817;2;;
732942528842616;3;;
732942528851771;36;;
732942528863368;6;;
732942528864410;1;;
732942528876111;2;;
732942528881910;3;;
732942528914826;31;;
732942528926528;6;;
732942528926875;1;;
732942528938472;2;;
732942528944271;3;;
732942528954236;36;;
732942528965938;6;;
732942528966516;1;;
732942528978113;2;;
732942528983912;3;;
732942528989583;36;;
732942529001181;6;;
732942529002107;1;;
732942529013808;2;;
732942529019607;3;;
732942529051713;33;;
732942529063414;6;;
732942529064225;1;;
732942529075822;2;;
732942529081620;3;;
732942529095289;34;;
732942529106887;6;;
732942529107697;1;;
732942529119282;2;;
732942529125081;3;;
732942529137489;36;;
732942529150000;6;;
732942529150926;1;;
732942529162523;2;;
732942529168310;3;;
732942529206563;34;;
732942529218160;6;;
732942529219201;1;;
732942529230787;2;;
732942529236586;3;;
732942529270428;31;;
732942529282025;6;;
732942529283183;1;;
732942529294769;2;;
732942529300567;3;;
732942529330127;31;;
732942529341829;6;;
732942529342523;1;;
732942529354236;2;;
732942529360023;3;;
732942529368484;36;;
732942529380197;6;;
732942529381238;1;;
732942529392824;2;;
732942529398623;3;;
732942529419491;35;;
732942529431192;6;;
732942529431887;1;;
732942529443600;2;;
732942529449387;3;;
732942529461563;36;;
732942529473148;6;;
732942529473727;1;;
732942529485440;2;;
732942529491238;3;;
732942529497951;36;;
732942529509549;6;;
732942529510012;1;;
732942529521597;2;;
732942529527396;3;;
732942529538403;36;;
732942529550000;6;;
732942529550926;1;;
732942529562512;2;;
732942529568310;3;;
732942529582222;31;;
732942529593808;6;;
732942529594965;1;;
732942529606563;2;;
732942529612361;3;;
732942529618843;31;;
732942529630440;6;;
732942529631366;1;;
732942529643067;2;;
732942529648866;3;;
732942529660347;31;;
732942529671933;6;;
732942529672743;1;;
732942529684340;2;;
732942529690127;3;;
732942529716331;32;;
732942529728032;6;;
732942529728727;1;;
732942529740313;2;;
732942529746111;3;;
732942529753762;36;;
732942529765359;6;;
732942529766169;1;;
732942529777755;2;;
732942529783553;3;;
732942529788183;31;;
732942529799780;6;;
732942529800475;1;;
732942529812060;2;;
732942529817859;3;;
732942529824815;36;;
732942529836400;6;;
732942529837570;1;;
732942529849155;2;;
732942529854954;3;;
732942529863530;36;;
732942529875116;6;;
732942529876157;1;;
732942529887755;2;;
732942529893553;3;;
732942529915220;32;;
732942529926933;6;;
732942529927627;1;;
732942529939329;2;;
732942529945127;3;;
732942529957998;31;;
732942529969583;6;;
732942529970046;1;;
732942529981632;2;;
732942529987431;3;;
732942530003195;31;;
732942530014792;6;;
732942530015833;1;;
732942530027419;2;;
732942530033218;3;;
732942530056864;32;;
732942530068449;6;;
732942530069722;1;;
732942530081319;2;;
732942530087118;3;;
732942530094884;35;;
732942530106470;6;;
732942530107859;1;;
732942530119456;2;;
732942530125243;3;;
732942530158160;32;;
732942530169757;6;;
732942530170451;1;;
732942530182153;2;;
732942530187951;3;;
732942530226898;34;;
732942530238600;6;;
732942530239769;1;;
732942530251354;2;;
732942530257153;3;;
732942530272454;35;;
732942530284039;6;;
732942530284734;1;;
732942530296447;2;;
732942530302234;3;;
732942530312211;36;;
732942530323912;6;;
732942530324722;1;;
732942530336320;2;;
732942530342107;3;;
732942530347905;36;;
732942530359491;6;;
732942530360313;1;;
732942530371898;2;;
732942530377697;3;;
732942530405278;35;;
732942530416875;6;;
732942530417685;1;;
732942530429271;2;;
732942530435070;3;;
732942530446308;36;;
732942530457905;6;;
732942530458600;1;;
732942530470301;2;;
732942530476100;3;;
732942530484792;36;;
732942530496377;6;;
732942530497083;1;;
732942530508669;2;;
732942530514468;3;;
732942530539155;31;;
732942530550741;6;;
732942530551898;1;;
732942530563495;2;;
732942530569282;3;;
732942530578912;31;;
732942530590498;6;;
732942530591308;1;;
732942530602905;2;;
732942530608692;3;;
732942530649144;35;;
732942530660741;6;;
732942530661898;1;;
732942530673484;2;;
732942530679282;3;;
732942530687049;36;;
732942530698646;6;;
732942530699688;1;;
732942530711273;2;;
732942530717072;3;;
732942530724954;36;;
732942530736539;6;;
732942530737002;1;;
732942530748600;2;;
732942530754387;3;;
732942530770151;31;;
732942530781863;6;;
732942530782558;1;;
732942530794259;2;;
732942530800058;3;;
732942530812581;36;;
732942530824167;6;;
732942530824861;1;;
732942530836458;2;;
732942530842245;3;;
732942530864155;35;;
732942530875868;6;;
732942530876910;1;;
732942530888495;2;;
732942530894294;3;;
732942530923148;32;;
732942530934745;6;;
732942530934745;66;;
