736841455725012;0;1,2,200,0,v5;
736841455786667;55;;
736841455799144;1;;
736841455822361;2;;
736841455829063;3;;
736841455837188;31;;
736841455848889;6;;
736841455849549;1;;
736841455872894;2;;
736841455879120;3;;
736841455883739;31;;
736841455895382;6;;
736841455896111;1;;
736841455919306;2;;
736841455925532;3;;
736841455929444;31;;
736841455941088;6;;
736841455941655;1;;
736841455965046;2;;
736841455971262;3;;
736841455974803;31;;
736841455986424;6;;
736841455987014;1;;
736841456010208;2;;
736841456016539;3;;
736841456019468;36;;
736841456031123;6;;
736841456031632;1;;
736841456054838;2;;
736841456061088;3;;
736841456065081;36;;
736841456076701;6;;
736841456077419;1;;
736841456100614;2;;
736841456106840;3;;
736841456121377;34;;
736841456133009;6;;
736841456133623;1;;
736841456156829;2;;
736841456163056;3;;
736841456167396;36;;
736841456179016;6;;
736841456179583;1;;
736841456202778;2;;
736841456209005;3;;
736841456213345;36;;
736841456225000;6;;
736841456225486;1;;
736841456248692;2;;
736841456254861;3;;
736841456258495;36;;
736841456270139;6;;
736841456270752;1;;
736841456293958;2;;
736841456300185;3;;
736841456303611;36;;
736841456315232;6;;
736841456315961;1;;
736841456339167;2;;
736841456345394;3;;
736841456348472;31;;
736841456360104;6;;
736841456360799;1;;
736841456383993;2;;
736841456390208;3;;
736841456426505;35;;
736841456438148;6;;
736841456438750;1;;
736841456461968;2;;
736841456468183;3;;
736841456472419;36;;
736841456484039;6;;
736841456484653;1;;
736841456507847;2;;
736841456514086;3;;
736841456517616;31;;
736841456529236;6;;
736841456529896;1;;
736841456553183;2;;
736841456559421;3;;
736841456570370;32;;
736841456582014;6;;
736841456582535;1;;
736841456605741;2;;
736841456611956;3;;
736841456615822;36;;
736841456627454;6;;
736841456628079;1;;
736841456651285;2;;
736841456657523;3;;
736841456661528;31;;
736841456673299;6;;
736841456673820;1;;
736841456697014;2;;
736841456703229;3;;
736841456706875;36;;
736841456718495;6;;
736841456719063;1;;
736841456742257;2;;
736841456748484;3;;
736841456752245;36;;
736841456763866;6;;
736841456764456;1;;
736841456787662;2;;
736841456793796;3;;
736841456798125;36;;
736841456809745;6;;
736841456810498;1;;
736841456833704;2;;
736841456839931;3;;
736841456885185;35;;
736841456896817;6;;
736841456897407;1;;
736841456920613;2;;
736841456926829;3;;
736841456930463;36;;
736841456942107;6;;
736841456942801;1;;
736841456965995;2;;
736841456972199;3;;
736841456975833;31;;
736841456987465;6;;
736841456987986;1;;
736841457011181;2;;
736841457017361;3;;
736841457023183;35;;
736841457034815;6;;
736841457035440;1;;
736841457058634;2;;
736841457064861;3;;
736841457076146;32;;
736841457087766;6;;
736841457088380;1;;
736841457111574;2;;
736841457117801;3;;
736841457128160;32;;
736841457139780;6;;
736841457140405;1;;
736841457163611;2;;
736841457169792;3;;
736841457173414;36;;
736841457185035;6;;
736841457185741;1;;
736841457208935;2;;
736841457215081;3;;
736841457245475;35;;
736841457257106;6;;
736841457257755;1;;
736841457280972;2;;
736841457287153;3;;
736841457291019;31;;
736841457302639;6;;
736841457303357;1;;
736841457326539;2;;
736841457332778;3;;
736841457336320;31;;
736841457347940;6;;
736841457348530;1;;
736841457371736;2;;
736841457377963;3;;
736841457382072;36;;
736841457393704;6;;
736841457394456;1;;
736841457417651;2;;
736841457423877;3;;
736841457427627;31;;
736841457439248;6;;
736841457439977;1;;
736841457463171;2;;
736841457469398;3;;
736841457472928;31;;
736841457484560;6;;
736841457485197;1;;
736841457508391;2;;
736841457514618;3;;
736841457520695;31;;
736841457532338;6;;
736841457532940;1;;
736841457556389;2;;
736841457562616;3;;
736841457566019;36;;
736841457577650;6;;
736841457578403;1;;
736841457601597;2;;
736841457607813;3;;
736841457621875;32;;
736841457633507;6;;
736841457634051;1;;
736841457657245;2;;
736841457663484;3;;
736841457713183;32;;
736841457724815;6;;
736841457725405;1;;
736841457748611;2;;
736841457754838;3;;
736841457758125;36;;
736841457769745;6;;
736841457770347;1;;
736841457793542;2;;
736841457799780;3;;
736841457803426;36;;
736841457815185;6;;
736841457815544;1;;
736841457838739;2;;
736841457844977;3;;
736841457848275;36;;
736841457859896;6;;
736841457860625;1;;
736841457883843;2;;
736841457890058;3;;
736841457907836;35;;
736841457919456;6;;
736841457920174;1;;
736841457943368;2;;
736841457949607;3;;
736841458019398;34;;
736841458031030;6;;
736841458031644;1;;
736841458054884;2;;
736841458060972;3;;
736841458064954;36;;
736841458076678;6;;
736841458077280;1;;
736841458100486;2;;
736841458106713;3;;
736841458149722;33;;
736841458161366;6;;
736841458162083;1;;
736841458185289;2;;
736841458191551;3;;
736841458195417;31;;
736841458207049;6;;
736841458207917;1;;
736841458231134;2;;
736841458237361;3;;
736841458320313;32;;
736841458331933;6;;
736841458332384;1;;
736841458355579;2;;
736841458361782;3;;
736841458367153;36;;
736841458378773;6;;
736841458379387;1;;
736841458402593;2;;
736841458408819;3;;
736841458444745;31;;
736841458456366;6;;
736841458457095;1;;
736841458480289;2;;
736841458486539;3;;
736841458498171;35;;
736841458509792;6;;
736841458510405;1;;
736841458533681;2;;
736841458539907;3;;
736841458543183;36;;
736841458554815;6;;
736841458555417;1;;
736841458578623;2;;
736841458584850;3;;
736841458588831;31;;
736841458600463;6;;
736841458600868;1;;
736841458624063;2;;
736841458630278;3;;
736841458633461;36;;
736841458645081;6;;
736841458645799;1;;
736841458668993;2;;
736841458675231;3;;
736841458688021;35;;
736841458699641;6;;
736841458700127;1;;
736841458723322;2;;
736841458729514;3;;
736841458735694;31;;
736841458747315;6;;
736841458747778;1;;
736841458770972;2;;
736841458777188;3;;
736841458780949;36;;
736841458792570;6;;
736841458793310;1;;
736841458816516;2;;
736841458822732;3;;
736841458826146;31;;
736841458837766;6;;
736841458838218;1;;
736841458861412;2;;
736841458867627;3;;
736841458871493;36;;
736841458883114;6;;
736841458883646;1;;
736841458906852;2;;
736841458913079;3;;
736841458944190;32;;
736841458955822;6;;
736841458956563;1;;
736841458979757;2;;
736841458985995;3;;
736841458989977;31;;
736841459001597;6;;
736841459002222;1;;
736841459025417;2;;
736841459031644;3;;
736841459034711;36;;
736841459046343;6;;
736841459046944;1;;
736841459070139;2;;
736841459076354;3;;
736841459079884;36;;
736841459091516;6;;
736841459092072;1;;
736841459115266;2;;
736841459121482;3;;
736841459138542;31;;
736841459150162;6;;
736841459150810;1;;
736841459174016;2;;
736841459180232;3;;
736841459183739;31;;
736841459195359;6;;
736841459196088;1;;
736841459219282;2;;
736841459225521;3;;
736841459229630;31;;
736841459241250;6;;
736841459241736;1;;
736841459264942;2;;
736841459271250;3;;
736841459292488;35;;
736841459304109;6;;
736841459304815;1;;
736841459328009;2;;
736841459334282;3;;
736841459338391;36;;
736841459350035;6;;
736841459350637;1;;
736841459373831;2;;
736841459380139;3;;
736841459383542;36;;
736841459395162;6;;
736841459395706;1;;
736841459418900;2;;
736841459425116;3;;
736841459428530;36;;
736841459440150;6;;
736841459440613;1;;
736841459463819;2;;
736841459469873;3;;
736841459472569;36;;
736841459484190;6;;
736841459484850;1;;
736841459508056;2;;
736841459514236;3;;
736841459520637;31;;
736841459532269;6;;
736841459532986;1;;
736841459556192;2;;
736841459562419;3;;
736841459565822;31;;
736841459577442;6;;
736841459578113;1;;
736841459601308;2;;
736841459607535;3;;
736841459610602;31;;
736841459622222;6;;
736841459622847;1;;
736841459646042;2;;
736841459652257;3;;
736841459655556;36;;
736841459667176;6;;
736841459667743;1;;
736841459690938;2;;
736841459697164;3;;
736841459700359;36;;
736841459711979;6;;
736841459712639;1;;
736841459735833;2;;
736841459742014;3;;
736841459747616;31;;
736841459759236;6;;
736841459759803;1;;
736841459782998;2;;
736841459789225;3;;
736841459792512;35;;
736841459804155;6;;
736841459804884;1;;
736841459828079;2;;
736841459834375;3;;
736841459838241;36;;
736841459849861;6;;
736841459850498;1;;
736841459873692;2;;
736841459879907;3;;
736841459890857;32;;
736841459902488;6;;
736841459903079;1;;
736841459926262;2;;
736841459932488;3;;
736841459965174;34;;
736841459976806;6;;
736841459977326;1;;
736841460000521;2;;
736841460006748;3;;
736841460040602;33;;
736841460052234;6;;
736841460052963;1;;
736841460076169;2;;
736841460082396;3;;
736841460107928;35;;
736841460119549;6;;
736841460120255;1;;
736841460143449;2;;
736841460149711;3;;
736841460153206;31;;
736841460164815;6;;
736841460165556;1;;
736841460188750;2;;
736841460194977;3;;
736841460223276;35;;
736841460234896;6;;
736841460235509;1;;
736841460258704;2;;
736841460264931;3;;
736841460269167;31;;
736841460280799;6;;
736841460281528;1;;
736841460304769;2;;
736841460311019;3;;
736841460348368;32;;
736841460359988;6;;
736841460360486;1;;
736841460383692;2;;
736841460389919;3;;
736841460421933;35;;
736841460433576;6;;
736841460434201;1;;
736841460457396;2;;
736841460463553;3;;
736841460466725;36;;
736841460478345;6;;
736841460479016;1;;
736841460502211;2;;
736841460508669;3;;
736841460519132;32;;
736841460530752;6;;
736841460531296;1;;
736841460554491;2;;
736841460560718;3;;
736841460565289;36;;
736841460576910;6;;
736841460577500;1;;
736841460600741;2;;
736841460606944;3;;
736841460610567;36;;
736841460622199;6;;
736841460622801;1;;
736841460645995;2;;
736841460652257;3;;
736841460656250;36;;
736841460667870;6;;
736841460668646;1;;
736841460691852;2;;
736841460698067;3;;
736841460704954;35;;
736841460716586;6;;
736841460717153;1;;
736841460740347;2;;
736841460746574;3;;
736841460750324;31;;
736841460761944;6;;
736841460762662;1;;
736841460785868;2;;
736841460792083;3;;
736841460795498;31;;
736841460807118;6;;
736841460807847;1;;
736841460831053;2;;
736841460837280;3;;
736841460840810;36;;
736841460852431;6;;
736841460852813;1;;
736841460876019;2;;
736841460882280;3;;
736841460888333;36;;
736841460899954;6;;
736841460900556;1;;
736841460923762;2;;
736841460929988;3;;
736841460933750;36;;
736841460945370;6;;
736841460945938;1;;
736841460969132;2;;
736841460975336;3;;
736841460980127;36;;
736841460991748;6;;
736841460992465;1;;
736841461015660;2;;
736841461021910;3;;
736841461028218;31;;
736841461039838;6;;
736841461039850;66;;
