736877458514294;0;1,1,100,0,v5;
736877458615162;55;;
736877458628067;1;;
736877458651401;2;;
736877458657384;3;;
736877458671632;20;;
736877458683229;6;;
736877458684005;1;;
736877458707350;2;;
736877458713333;3;;
736877458725151;21;;
736877458736864;6;;
736877458737639;1;;
736877458760972;2;;
736877458766956;3;;
736877458774954;21;;
736877458786632;6;;
736877458787396;1;;
736877458810741;2;;
736877458816713;3;;
736877458822361;21;;
736877458834086;6;;
736877458834861;1;;
736877458858194;2;;
736877458864178;3;;
736877458868276;21;;
736877458880000;6;;
736877458880961;1;;
736877458904294;2;;
736877458910475;3;;
736877458921227;20;;
736877458932847;6;;
736877458933426;1;;
736877458956771;2;;
736877458962755;3;;
736877458974005;21;;
736877458985706;6;;
736877458986285;1;;
736877459009618;2;;
736877459015799;3;;
736877459023808;21;;
736877459035475;6;;
736877459036238;1;;
736877459059595;2;;
736877459065567;3;;
736877459079190;21;;
736877459090845;6;;
736877459091609;1;;
736877459114954;2;;
736877459121123;3;;
736877459129919;21;;
736877459141574;6;;
736877459142338;1;;
736877459165683;2;;
736877459171667;3;;
736877459184549;20;;
736877459196169;6;;
736877459196748;1;;
736877459220081;2;;
736877459226065;3;;
736877459231389;21;;
736877459243044;6;;
736877459243611;1;;
736877459266956;2;;
736877459272928;3;;
736877459278414;21;;
736877459290116;6;;
736877459290891;1;;
736877459314225;2;;
736877459320197;3;;
736877459329340;21;;
736877459341030;6;;
736877459341609;1;;
736877459364954;2;;
736877459370926;3;;
736877459377107;21;;
736877459388866;6;;
736877459389445;1;;
736877459412801;2;;
736877459418773;3;;
736877459432674;21;;
736877459444433;6;;
736877459445012;1;;
736877459468345;2;;
736877459474329;3;;
736877459479514;21;;
736877459491111;6;;
736877459491690;1;;
736877459515035;2;;
736877459521019;3;;
736877459530070;20;;
736877459541655;6;;
736877459542037;1;;
736877459565382;2;;
736877459571354;3;;
736877459584502;21;;
736877459596239;6;;
736877459596817;1;;
736877459620162;2;;
736877459626134;3;;
736877459639884;21;;
736877459651609;6;;
736877459652188;1;;
736877459675532;2;;
736877459681505;3;;
736877459691725;21;;
736877459703322;6;;
736877459704074;1;;
736877459727419;2;;
736877459733391;3;;
736877459744873;21;;
736877459756551;6;;
736877459757130;1;;
736877459780475;2;;
736877459786447;3;;
736877459789873;21;;
736877459801493;6;;
736877459804780;1;;
736877459828114;2;;
736877459834086;3;;
736877459839306;21;;
736877459851065;6;;
736877459851644;1;;
736877459874988;2;;
736877459880972;3;;
736877459888750;21;;
736877459900451;6;;
736877459901030;1;;
736877459924375;2;;
736877459930347;3;;
736877459937257;20;;
736877459948866;6;;
736877459949248;1;;
736877459972593;2;;
736877459978588;3;;
736877459983380;21;;
736877459994977;6;;
736877459995752;1;;
736877460019086;2;;
736877460025069;3;;
736877460040961;21;;
736877460052650;6;;
736877460053032;1;;
736877460076377;2;;
736877460082350;3;;
736877460087801;21;;
736877460099537;6;;
736877460100116;1;;
736877460123449;2;;
736877460129433;3;;
736877460133924;21;;
736877460145637;6;;
736877460146215;1;;
736877460169549;2;;
736877460175718;3;;
736877460205579;21;;
736877460217211;6;;
736877460217975;1;;
736877460241320;2;;
736877460247292;3;;
736877460281875;21;;
736877460293588;6;;
736877460293982;1;;
736877460317315;2;;
736877460323287;3;;
736877460333171;21;;
736877460344907;6;;
736877460345868;1;;
736877460369213;2;;
736877460375185;3;;
736877460381863;21;;
736877460393519;6;;
736877460394282;1;;
736877460417627;2;;
736877460423600;3;;
736877460432778;21;;
736877460444445;6;;
736877460445220;1;;
736877460468553;2;;
736877460474537;3;;
736877460503519;21;;
736877460515232;6;;
736877460516007;1;;
736877460539340;2;;
736877460545324;3;;
736877460553877;21;;
736877460565590;6;;
736877460565972;1;;
736877460589306;2;;
736877460595289;3;;
736877460604815;21;;
736877460616516;6;;
736877460616898;1;;
736877460640232;2;;
736877460646215;3;;
736877460655359;21;;
736877460667049;6;;
736877460667813;1;;
736877460691169;2;;
736877460697141;3;;
736877460721840;21;;
736877460733600;6;;
736877460734375;1;;
736877460757708;2;;
736877460763692;3;;
736877460770162;20;;
736877460781829;6;;
736877460782604;1;;
736877460805949;2;;
736877460811921;3;;
736877460818866;20;;
736877460830637;6;;
736877460831215;1;;
736877460854549;2;;
736877460860532;3;;
736877460870891;21;;
736877460882523;6;;
736877460883287;1;;
736877460906644;2;;
736877460912616;3;;
736877460924039;21;;
736877460935764;6;;
736877460936539;1;;
736877460959873;2;;
736877460965857;3;;
736877460981806;21;;
736877460993438;6;;
736877460994213;1;;
736877461017546;2;;
736877461023542;3;;
736877461027558;21;;
736877461039167;6;;
736877461039931;1;;
736877461063276;2;;
736877461069444;3;;
736877461080880;20;;
736877461092593;6;;
736877461093171;1;;
736877461116516;2;;
736877461122488;3;;
736877461131794;20;;
736877461143530;6;;
736877461144688;1;;
736877461168021;2;;
736877461174005;3;;
736877461182164;21;;
736877461193866;6;;
736877461194259;1;;
736877461217593;2;;
736877461223576;3;;
736877461228820;20;;
736877461240544;6;;
736877461241123;1;;
736877461264479;2;;
736877461270451;3;;
736877461279942;20;;
736877461291678;6;;
736877461292257;1;;
736877461315590;2;;
736877461321574;3;;
736877461330486;21;;
736877461342211;6;;
736877461343565;1;;
736877461366910;2;;
736877461372882;3;;
736877461390116;21;;
736877461401829;6;;
736877461402593;1;;
736877461425926;2;;
736877461431910;3;;
736877461443067;21;;
736877461454676;6;;
736877461455255;1;;
736877461478588;2;;
736877461484583;3;;
736877461491771;21;;
736877461503484;6;;
736877461504063;1;;
736877461527396;2;;
736877461533380;3;;
736877461540093;21;;
736877461551701;6;;
736877461552280;1;;
736877461575625;2;;
736877461581794;3;;
736877461596748;21;;
736877461608426;6;;
736877461609005;1;;
736877461632338;2;;
736877461638322;3;;
736877461677488;21;;
736877461689248;6;;
736877461689826;1;;
736877461713171;2;;
736877461719144;3;;
736877461726748;21;;
736877461738438;6;;
736877461738831;1;;
736877461762164;2;;
736877461768137;3;;
736877461771748;21;;
736877461783380;6;;
736877461784155;1;;
736877461807489;2;;
736877461813472;3;;
736877461818032;21;;
736877461829688;6;;
736877461830463;1;;
736877461853796;2;;
736877461859769;3;;
736877461865266;20;;
736877461876944;6;;
736877461877523;1;;
736877461900857;2;;
736877461906840;3;;
736877461910070;21;;
736877461921690;6;;
736877461924005;1;;
736877461947350;2;;
736877461953333;3;;
736877461957847;20;;
736877461969537;6;;
736877461973970;1;;
736877461997315;2;;
736877462003287;3;;
736877462011539;21;;
736877462023160;6;;
736877462023935;1;;
736877462047269;2;;
736877462053252;3;;
736877462058195;21;;
736877462069850;6;;
736877462070810;1;;
736877462094155;2;;
736877462100127;3;;
736877462107836;21;;
736877462119421;6;;
736877462119803;1;;
736877462143148;2;;
736877462149120;3;;
736877462160972;20;;
736877462172662;6;;
736877462173044;1;;
736877462196389;2;;
736877462202373;3;;
736877462213750;21;;
736877462225521;6;;
736877462225914;1;;
736877462249236;2;;
736877462255220;3;;
736877462287072;21;;
736877462298831;6;;
736877462299398;1;;
736877462322743;2;;
736877462328912;3;;
736877462342072;21;;
736877462353796;6;;
736877462354375;1;;
736877462377708;2;;
736877462383692;3;;
736877462416331;21;;
736877462428067;6;;
736877462428646;1;;
736877462451979;2;;
736877462457963;3;;
736877462470394;21;;
736877462482072;6;;
736877462482465;1;;
736877462505799;2;;
736877462511782;3;;
736877462546505;21;;
736877462558102;6;;
736877462559051;1;;
736877462582384;2;;
736877462588368;3;;
736877462610012;21;;
736877462621736;6;;
736877462622697;1;;
736877462646053;2;;
736877462652026;3;;
736877462664641;21;;
736877462676331;6;;
736877462676725;1;;
736877462700058;2;;
736877462706030;3;;
736877462717789;20;;
736877462729375;6;;
736877462729954;1;;
736877462753287;2;;
736877462759479;3;;
736877462765382;21;;
736877462777037;6;;
736877462777604;1;;
736877462800949;2;;
736877462806933;3;;
736877462814259;21;;
736877462826030;6;;
736877462826794;1;;
736877462850127;2;;
736877462856308;3;;
736877462863322;21;;
736877462875023;6;;
736877462875602;1;;
736877462898947;2;;
736877462904919;3;;
736877462917396;20;;
736877462929039;6;;
736877462929421;1;;
736877462952755;2;;
736877462958739;3;;
736877462963137;20;;
736877462974745;6;;
736877462975324;1;;
736877462998681;2;;
736877463004653;3;;
736877463011840;20;;
736877463023565;6;;
736877463024144;1;;
736877463047477;2;;
736877463053449;3;;
736877463083866;21;;
736877463095509;6;;
736877463096273;1;;
736877463119630;2;;
736877463125602;3;;
736877463132384;21;;
736877463144120;6;;
736877463144699;1;;
736877463168044;2;;
736877463174016;3;;
736877463179225;21;;
736877463190995;6;;
736877463191574;1;;
736877463214908;2;;
736877463221100;3;;
736877463242002;21;;
736877463253692;6;;
736877463254271;1;;
736877463277604;2;;
736877463283785;3;;
736877463322546;20;;
736877463334144;6;;
736877463334722;1;;
736877463358056;2;;
736877463364028;3;;
736877463370139;20;;
736877463381782;6;;
736877463382361;1;;
736877463405695;2;;
736877463411678;3;;
736877463421065;21;;
736877463432697;6;;
736877463433276;1;;
736877463456632;2;;
736877463462604;3;;
736877463471806;21;;
736877463483438;6;;
736877463484016;1;;
736877463507361;2;;
736877463513345;3;;
736877463531794;21;;
736877463543426;6;;
736877463544005;1;;
736877463567361;2;;
736877463573333;3;;
736877463606239;21;;
736877463617894;6;;
736877463618854;1;;
736877463642199;2;;
736877463648368;3;;
736877463688090;21;;
736877463699688;6;;
736877463700463;1;;
736877463723796;2;;
736877463729780;3;;
736877463768634;21;;
736877463780313;6;;
736877463780694;1;;
736877463804051;2;;
736877463810023;3;;
736877463859005;21;;
736877463870590;6;;
736877463871169;1;;
736877463894514;2;;
736877463900486;3;;
736877463906586;20;;
736877463918252;6;;
736877463918831;1;;
736877463942164;2;;
736877463948148;3;;
736877463951968;20;;
736877463963576;6;;
736877463964340;1;;
736877463987685;2;;
736877463993854;3;;
736877464013808;21;;
736877464025498;6;;
736877464026262;1;;
736877464049618;2;;
736877464055590;3;;
736877464090845;21;;
736877464102465;6;;
736877464102465;66;;
