735685529117905;0;2,2,200,0,v5;
735685529303519;55;;
735685529315880;1;;
735685529339097;2;;
735685529345498;3;;
735685529352755;36;;
735685529364398;6;;
735685529365023;1;;
735685529388241;2;;
735685529394549;3;;
735685529431042;33;;
735685529442662;6;;
735685529443380;1;;
735685529466609;2;;
735685529473009;3;;
735685529477500;31;;
735685529489132;6;;
735685529489676;1;;
735685529512894;2;;
735685529519167;3;;
735685529523206;31;;
735685529534838;6;;
735685529535405;1;;
735685529558623;2;;
735685529565012;3;;
735685529572442;31;;
735685529584074;6;;
735685529585405;1;;
735685529608611;2;;
735685529615012;3;;
735685529625000;31;;
735685529636632;6;;
735685529638206;1;;
735685529661412;2;;
735685529667755;3;;
735685529674792;31;;
735685529686424;6;;
735685529687060;1;;
735685529710266;2;;
735685529716725;3;;
735685529729016;32;;
735685529740648;6;;
735685529741123;1;;
735685529764329;2;;
735685529770579;3;;
735685529782870;35;;
735685529794502;6;;
735685529794826;1;;
735685529818044;2;;
735685529824398;3;;
735685529848762;31;;
735685529860394;6;;
735685529860961;1;;
735685529884190;2;;
735685529890683;3;;
735685529895776;31;;
735685529907407;6;;
735685529908079;1;;
735685529931296;2;;
735685529937384;3;;
735685529944826;31;;
735685529956447;6;;
735685529956725;1;;
735685529979942;2;;
735685529986169;3;;
735685529992755;35;;
735685530004387;6;;
735685530006273;1;;
735685530029491;2;;
735685530035845;3;;
735685530039572;31;;
735685530051204;6;;
735685530051725;1;;
735685530074942;2;;
735685530081343;3;;
735685530095289;32;;
735685530106921;6;;
735685530107870;1;;
735685530131088;2;;
735685530137558;3;;
735685530146192;31;;
735685530157813;6;;
735685530158623;1;;
735685530181840;2;;
735685530188276;3;;
735685530192824;31;;
735685530204456;6;;
735685530204919;1;;
735685530228125;2;;
735685530234479;3;;
735685530237975;31;;
735685530249607;6;;
735685530250116;1;;
735685530273333;2;;
735685530279583;3;;
735685530283148;36;;
735685530294780;6;;
735685530295266;1;;
735685530318484;2;;
735685530324769;3;;
735685530328495;36;;
735685530340116;6;;
735685530340648;1;;
735685530363854;2;;
735685530370232;3;;
735685530372164;36;;
735685530383796;6;;
735685530384711;1;;
735685530407917;2;;
735685530414317;3;;
735685530417882;31;;
735685530429514;6;;
735685530429907;1;;
735685530453194;2;;
735685530459491;3;;
735685530464699;35;;
735685530476343;6;;
735685530476863;1;;
735685530500070;2;;
735685530506366;3;;
735685530518380;35;;
735685530530012;6;;
735685530530625;1;;
735685530553831;2;;
735685530560127;3;;
735685530606470;32;;
735685530618102;6;;
735685530618924;1;;
735685530642153;2;;
735685530648391;3;;
735685530660695;31;;
735685530672326;6;;
735685530672951;1;;
735685530696192;2;;
735685530702535;3;;
735685530728993;33;;
735685530740625;6;;
735685530741100;1;;
735685530764317;2;;
735685530770845;3;;
735685530780451;31;;
735685530792072;6;;
735685530792523;1;;
735685530815729;2;;
735685530821991;3;;
735685530827269;36;;
735685530838901;6;;
735685530840174;1;;
735685530863391;2;;
735685530869850;3;;
735685530873727;31;;
735685530885359;6;;
735685530885868;1;;
735685530909074;2;;
735685530915347;3;;
735685530918889;36;;
735685530930521;6;;
735685530931053;1;;
735685530954271;2;;
735685530960509;3;;
735685530970151;32;;
735685530981782;6;;
735685530983252;1;;
735685531006470;2;;
735685531012905;3;;
735685531019572;31;;
735685531031204;6;;
735685531032234;1;;
735685531055451;2;;
735685531061910;3;;
735685531066759;31;;
735685531078391;6;;
735685531078912;1;;
735685531102141;2;;
735685531108461;3;;
735685531112847;36;;
735685531124479;6;;
735685531124989;1;;
735685531148195;2;;
735685531154607;3;;
735685531160972;31;;
735685531172593;6;;
735685531173229;1;;
735685531196447;2;;
735685531202986;3;;
735685531225926;32;;
735685531237546;6;;
735685531237755;1;;
735685531260972;2;;
735685531267407;3;;
735685531273299;36;;
735685531284942;6;;
735685531285313;1;;
735685531308530;2;;
735685531314745;3;;
735685531320509;31;;
735685531332130;6;;
735685531332651;1;;
735685531355857;2;;
735685531361944;3;;
735685531366400;36;;
735685531378021;6;;
735685531378241;1;;
735685531401458;2;;
735685531408021;3;;
735685531413773;36;;
735685531425405;6;;
735685531426759;1;;
735685531449965;2;;
735685531456320;3;;
735685531473368;34;;
735685531484988;6;;
735685531485532;1;;
735685531508750;2;;
735685531515220;3;;
735685531519271;36;;
735685531530903;6;;
735685531531574;1;;
735685531554792;2;;
735685531561204;3;;
735685531564977;31;;
735685531576609;6;;
735685531577836;1;;
735685531601053;2;;
735685531607153;3;;
735685531611609;31;;
735685531623241;6;;
735685531623727;1;;
735685531646945;2;;
735685531653264;3;;
735685531670833;35;;
735685531682465;6;;
735685531682824;1;;
735685531706053;2;;
735685531712569;3;;
735685531718773;36;;
735685531730405;6;;
735685531731181;1;;
735685531754398;2;;
735685531760938;3;;
735685531768009;35;;
735685531779630;6;;
735685531780556;1;;
735685531803785;2;;
735685531810127;3;;
735685531814456;36;;
735685531826088;6;;
735685531826609;1;;
735685531849815;2;;
735685531856053;3;;
735685531882373;34;;
735685531894016;6;;
735685531894456;1;;
735685531917674;2;;
735685531924074;3;;
735685531928646;36;;
735685531940278;6;;
735685531940810;1;;
735685531964028;2;;
735685531970278;3;;
735685531974549;31;;
735685531986181;6;;
735685531987164;1;;
735685532010370;2;;
735685532016771;3;;
735685532021366;31;;
735685532032998;6;;
735685532033380;1;;
735685532056586;2;;
735685532062951;3;;
735685532077442;35;;
735685532089074;6;;
735685532090035;1;;
735685532113264;2;;
735685532119526;3;;
735685532123542;31;;
735685532135162;6;;
735685532136435;1;;
735685532159653;2;;
735685532166053;3;;
735685532172766;32;;
735685532184398;6;;
735685532184907;1;;
735685532208125;2;;
735685532214387;3;;
735685532220139;31;;
735685532231771;6;;
735685532232384;1;;
735685532255614;2;;
735685532261921;3;;
735685532267882;35;;
735685532279514;6;;
735685532279907;1;;
735685532303137;2;;
735685532309491;3;;
735685532316945;32;;
735685532328565;6;;
735685532329479;1;;
735685532352685;2;;
735685532359097;3;;
735685532363021;31;;
735685532374653;6;;
735685532375139;1;;
735685532398345;2;;
735685532404410;3;;
735685532410949;33;;
735685532422581;6;;
735685532422986;1;;
735685532446192;2;;
735685532452523;3;;
735685532464618;32;;
735685532476250;6;;
735685532476644;1;;
735685532499873;2;;
735685532506320;3;;
735685532510151;31;;
735685532521783;6;;
735685532522315;1;;
735685532545521;2;;
735685532551840;3;;
735685532556053;31;;
735685532567674;6;;
735685532568310;1;;
735685532591516;2;;
735685532597975;3;;
735685532602315;31;;
735685532613947;6;;
735685532614317;1;;
735685532637523;2;;
735685532643854;3;;
735685532648588;36;;
735685532660208;6;;
735685532660857;1;;
735685532684063;2;;
735685532690336;3;;
735685532693924;31;;
735685532705567;6;;
735685532706146;1;;
735685532729363;2;;
735685532735810;3;;
735685532739826;31;;
735685532751458;6;;
735685532752002;1;;
735685532775220;2;;
735685532781667;3;;
735685532791285;33;;
735685532802905;6;;
735685532803843;1;;
735685532827060;2;;
735685532833426;3;;
735685532841250;31;;
735685532852870;6;;
735685532854433;1;;
735685532877651;2;;
735685532884178;3;;
735685532887882;31;;
735685532899514;6;;
735685532900081;1;;
735685532923299;2;;
735685532929595;3;;
735685532933796;36;;
735685532945417;6;;
735685532946840;1;;
735685532970058;2;;
735685532976412;3;;
735685532987095;35;;
735685532998727;6;;
735685532999294;1;;
735685533022500;2;;
735685533028901;3;;
735685533032616;36;;
735685533044248;6;;
735685533044884;1;;
735685533068102;2;;
735685533074410;3;;
735685533078333;31;;
735685533089965;6;;
735685533091701;1;;
735685533114931;2;;
735685533121285;3;;
735685533129051;32;;
735685533140683;6;;
735685533141134;1;;
735685533164352;2;;
735685533170579;3;;
735685533183276;32;;
735685533194907;6;;
735685533195880;1;;
735685533219086;2;;
735685533225405;3;;
735685533229178;31;;
735685533240799;6;;
735685533241690;1;;
735685533264907;2;;
735685533271215;3;;
735685533276366;31;;
735685533287998;6;;
735685533288785;1;;
735685533312002;2;;
735685533318472;3;;
735685533323206;36;;
735685533334826;6;;
735685533335428;1;;
735685533358646;2;;
735685533365012;3;;
735685533374097;35;;
735685533385718;6;;
735685533386204;1;;
735685533409421;2;;
735685533415729;3;;
735685533421655;31;;
735685533433287;6;;
735685533434028;1;;
735685533457245;2;;
735685533463623;3;;
735685533474583;33;;
735685533486215;6;;
735685533487176;1;;
735685533510394;2;;
735685533516759;3;;
735685533532153;32;;
735685533543785;6;;
735685533544294;1;;
735685533567512;2;;
735685533573935;3;;
735685533578982;31;;
735685533590602;6;;
735685533591181;1;;
735685533614387;2;;
735685533620625;3;;
735685533625428;35;;
735685533637060;6;;
735685533637732;1;;
735685533660949;2;;
735685533667419;3;;
735685533671331;31;;
735685533682963;6;;
735685533683715;1;;
735685533706933;2;;
735685533713299;3;;
735685533718345;31;;
735685533729977;6;;
735685533730613;1;;
735685533753819;2;;
735685533760162;3;;
735685533764988;31;;
735685533776609;6;;
735685533777106;1;;
735685533800324;2;;
735685533806655;3;;
735685533829572;33;;
735685533841204;6;;
735685533841782;1;;
735685533865000;2;;
735685533871250;3;;
735685533878056;35;;
735685533889688;6;;
735685533890324;1;;
735685533913530;2;;
735685533919896;3;;
735685533935440;35;;
735685533947072;6;;
735685533947743;1;;
735685533970961;2;;
735685533977477;3;;
735685533985405;31;;
735685533997037;6;;
735685533997442;1;;
735685534020660;2;;
735685534027141;3;;
735685534037975;32;;
735685534049595;6;;
735685534050069;1;;
735685534073287;2;;
735685534079607;3;;
735685534107743;32;;
735685534119375;6;;
735685534120093;1;;
735685534143322;2;;
735685534149734;3;;
735685534154016;36;;
735685534165648;6;;
735685534166389;1;;
735685534189606;2;;
735685534195880;3;;
735685534200660;31;;
735685534212280;6;;
735685534212859;1;;
735685534236076;2;;
735685534242442;3;;
735685534248218;31;;
735685534259850;6;;
735685534260799;1;;
735685534284005;2;;
735685534290370;3;;
735685534295046;31;;
735685534306667;6;;
735685534307315;1;;
735685534330532;2;;
735685534336910;3;;
735685534341690;31;;
735685534353322;6;;
735685534353333;66;;
