734704494783958;0;1,2,200,v3;
734704494941933;55;;
734704494954688;1;;
734704494966285;2;;
734704494972072;3;;
734704495006377;32;;
734704495017975;6;;
734704495018785;1;;
734704495030370;2;;
734704495036169;3;;
734704495043125;35;;
734704495054711;6;;
734704495055764;1;;
734704495067465;2;;
734704495073264;3;;
734704495098877;32;;
734704495110579;6;;
734704495111285;1;;
734704495122870;2;;
734704495128669;3;;
734704495154167;33;;
734704495165752;6;;
734704495166447;1;;
734704495178044;2;;
734704495183843;3;;
734704495184537;35;;
734704495196123;6;;
734704495196817;1;;
734704495208530;2;;
734704495214317;3;;
734704495244456;33;;
734704495256169;6;;
734704495257211;1;;
734704495268796;2;;
734704495274595;3;;
734704495286412;36;;
734704495298009;6;;
734704495298935;1;;
734704495310521;2;;
734704495316319;3;;
734704495330232;35;;
734704495341933;6;;
734704495342859;1;;
734704495354456;2;;
734704495360243;3;;
734704495369757;35;;
734704495381343;6;;
734704495382153;1;;
734704495393750;2;;
734704495399537;3;;
734704495424109;35;;
734704495435706;6;;
734704495436516;1;;
734704495448102;2;;
734704495453900;3;;
734704495506875;35;;
734704495518576;6;;
734704495519502;1;;
734704495531100;2;;
734704495536887;3;;
734704495557523;32;;
734704495569225;6;;
734704495570394;1;;
734704495581979;2;;
734704495587778;3;;
734704495597859;35;;
734704495609445;6;;
734704495610266;1;;
734704495621852;2;;
734704495627650;3;;
734704495635880;35;;
734704495647465;6;;
734704495648160;1;;
734704495659757;2;;
734704495665544;3;;
734704495692558;33;;
734704495704144;6;;
734704495704954;1;;
734704495716551;2;;
734704495722338;3;;
734704495733704;32;;
734704495745289;6;;
734704495745752;1;;
734704495757465;2;;
734704495763264;3;;
734704495771725;36;;
734704495783310;6;;
734704495784005;1;;
734704495795602;2;;
734704495801389;3;;
734704495841146;34;;
734704495852743;6;;
734704495853553;1;;
734704495865139;2;;
734704495870938;3;;
734704495891447;36;;
734704495903044;6;;
734704495903738;1;;
734704495915324;2;;
734704495921123;3;;
734704495945116;36;;
734704495956713;6;;
734704495957407;1;;
734704495968993;2;;
734704495974792;3;;
734704496000521;36;;
734704496012222;6;;
734704496013276;1;;
734704496024861;2;;
734704496030660;3;;
734704496064039;35;;
734704496075625;6;;
734704496076435;1;;
734704496088032;2;;
734704496093831;3;;
734704496106458;35;;
734704496118171;6;;
734704496119213;1;;
734704496130799;2;;
734704496136597;3;;
734704496157928;32;;
734704496169630;6;;
734704496170324;1;;
734704496182037;2;;
734704496187824;3;;
734704496205324;33;;
734704496216921;6;;
734704496217732;1;;
734704496229433;2;;
734704496235232;3;;
734704496243576;33;;
734704496255174;6;;
734704496255984;1;;
734704496267570;2;;
734704496273368;3;;
734704496290289;34;;
734704496301991;6;;
734704496302813;1;;
734704496314514;2;;
734704496320313;3;;
734704496334560;34;;
734704496346157;6;;
734704496346968;1;;
734704496358553;2;;
734704496364352;3;;
734704496378843;35;;
734704496390428;6;;
734704496390891;1;;
734704496402604;2;;
734704496408403;3;;
734704496431701;32;;
734704496443287;6;;
734704496444329;1;;
734704496455926;2;;
734704496461713;3;;
734704496506921;32;;
734704496518623;6;;
734704496519317;1;;
734704496530914;2;;
734704496536713;3;;
734704496543079;36;;
734704496554792;6;;
734704496555949;1;;
734704496567535;2;;
734704496573333;3;;
734704496591296;31;;
734704496603009;6;;
734704496604051;1;;
734704496615637;2;;
734704496621435;3;;
734704496641262;32;;
734704496652847;6;;
734704496653889;1;;
734704496665486;2;;
734704496671273;3;;
734704496686227;35;;
734704496697824;6;;
734704496698634;1;;
734704496710220;2;;
734704496716019;3;;
734704496722627;36;;
734704496734213;6;;
734704496735370;1;;
734704496746968;2;;
734704496752755;3;;
734704496787766;33;;
734704496799352;6;;
734704496800162;1;;
734704496811759;2;;
734704496817558;3;;
734704496822882;36;;
734704496834479;6;;
734704496835289;1;;
734704496846875;2;;
734704496852674;3;;
734704496860903;35;;
734704496872488;6;;
734704496873299;1;;
734704496884896;2;;
734704496890695;3;;
734704496916424;35;;
734704496928009;6;;
734704496928820;1;;
734704496940417;2;;
734704496946204;3;;
734704496969965;35;;
734704496981563;6;;
734704496982604;1;;
734704496994190;2;;
734704496999989;3;;
734704497027813;35;;
734704497039398;6;;
734704497040324;1;;
734704497052037;2;;
734704497057824;3;;
734704497074051;32;;
734704497085648;6;;
734704497086574;1;;
734704497098160;2;;
734704497103958;3;;
734704497142442;33;;
734704497154144;6;;
734704497154954;1;;
734704497166667;2;;
734704497172465;3;;
734704497186366;33;;
734704497197963;6;;
734704497198889;1;;
734704497210475;2;;
734704497216273;3;;
734704497256956;32;;
734704497268669;6;;
734704497269479;1;;
734704497281065;2;;
734704497286863;3;;
734704497292778;33;;
734704497304363;6;;
734704497304711;1;;
734704497316296;2;;
734704497322095;3;;
734704497329283;36;;
734704497340880;6;;
734704497341458;1;;
734704497353044;2;;
734704497358843;3;;
734704497394190;32;;
734704497405787;6;;
734704497406829;1;;
734704497418414;2;;
734704497424213;3;;
734704497434410;31;;
734704497446007;6;;
734704497446817;1;;
734704497458403;2;;
734704497464201;3;;
734704497473588;36;;
734704497485289;6;;
734704497485995;1;;
734704497497581;2;;
734704497503380;3;;
734704497508704;35;;
734704497520417;6;;
734704497521227;1;;
734704497532813;2;;
734704497538611;3;;
734704497546840;36;;
734704497558438;6;;
734704497559248;1;;
734704497570833;2;;
734704497576632;3;;
734704497588912;35;;
734704497600625;6;;
734704497601435;1;;
734704497613021;2;;
734704497618820;3;;
734704497639919;32;;
734704497651505;6;;
734704497651968;1;;
734704497663565;2;;
734704497669352;3;;
734704497677465;36;;
734704497689063;6;;
734704497690104;1;;
734704497701806;2;;
734704497707604;3;;
734704497717107;31;;
734704497728704;6;;
734704497729051;1;;
734704497740752;2;;
734704497746551;3;;
734704497756053;36;;
734704497767650;6;;
734704497768113;1;;
734704497779815;2;;
734704497785613;3;;
734704497795000;35;;
734704497806586;6;;
734704497807396;1;;
734704497818993;2;;
734704497824792;3;;
734704497831273;31;;
734704497842870;6;;
734704497843681;1;;
734704497855382;2;;
734704497861181;3;;
734704497867905;36;;
734704497879491;6;;
734704497880313;1;;
734704497891898;2;;
734704497897697;3;;
734704497900706;35;;
734704497912419;6;;
734704497913229;1;;
734704497924815;2;;
734704497930614;3;;
734704497960278;34;;
734704497971875;6;;
734704497972569;1;;
734704497984155;2;;
734704497989954;3;;
734704498018472;32;;
734704498030174;6;;
734704498031215;1;;
734704498042813;2;;
734704498048600;3;;
734704498056482;31;;
734704498068079;6;;
734704498068889;1;;
734704498080475;2;;
734704498086273;3;;
734704498104699;36;;
734704498116296;6;;
734704498117338;1;;
734704498129039;2;;
734704498134838;3;;
734704498168333;32;;
734704498179931;6;;
734704498180741;1;;
734704498192326;2;;
734704498198125;3;;
734704498204850;36;;
734704498216435;6;;
734704498217130;1;;
734704498228727;2;;
734704498234526;3;;
734704498241007;36;;
734704498252604;6;;
734704498253067;1;;
734704498264769;2;;
734704498270567;3;;
734704498276597;36;;
734704498288299;6;;
734704498289109;1;;
734704498300706;2;;
734704498306493;3;;
734704498316238;31;;
734704498327940;6;;
734704498328866;1;;
734704498340463;2;;
734704498346250;3;;
734704498374884;32;;
734704498386470;6;;
734704498387292;1;;
734704498398877;2;;
734704498404676;3;;
734704498427037;31;;
734704498438750;6;;
734704498439560;1;;
734704498451262;2;;
734704498457060;3;;
734704498461933;35;;
734704498473519;6;;
734704498474213;1;;
734704498485810;2;;
734704498491597;3;;
734704498496586;36;;
734704498508299;6;;
734704498508877;1;;
734704498520463;2;;
734704498526262;3;;
734704498543877;32;;
734704498555579;6;;
734704498556285;1;;
734704498567870;2;;
734704498573669;3;;
734704498599282;32;;
734704498610868;6;;
734704498611910;1;;
734704498623507;2;;
734704498629306;3;;
734704498654109;32;;
734704498665695;6;;
734704498666389;1;;
734704498677986;2;;
734704498683773;3;;
734704498688067;31;;
734704498699769;6;;
734704498700579;1;;
734704498712176;2;;
734704498717975;3;;
734704498736516;33;;
734704498748102;6;;
734704498748565;1;;
734704498760278;2;;
734704498766076;3;;
734704498782882;34;;
734704498794583;6;;
734704498795741;1;;
734704498807338;2;;
734704498813125;3;;
734704498827153;32;;
734704498838866;6;;
734704498839792;1;;
734704498851377;2;;
734704498857176;3;;
734704498903310;34;;
734704498914896;6;;
734704498916053;1;;
734704498927651;2;;
734704498933438;3;;
734704498955579;31;;
734704498967176;6;;
734704498967986;1;;
734704498979572;2;;
734704498985370;3;;
734704499001945;33;;
734704499013530;6;;
734704499014572;1;;
734704499026169;2;;
734704499031968;3;;
734704499051319;33;;
734704499063021;6;;
734704499063843;1;;
734704499075428;2;;
734704499081227;3;;
734704499085857;36;;
734704499097570;6;;
734704499098380;1;;
734704499109965;2;;
734704499115764;3;;
734704499139410;35;;
734704499150995;6;;
734704499151574;1;;
734704499163171;2;;
734704499168970;3;;
734704499183218;35;;
734704499194815;6;;
734704499195625;1;;
734704499207211;2;;
734704499213009;3;;
734704499218461;36;;
734704499230046;6;;
734704499230856;1;;
734704499242454;2;;
734704499248241;3;;
734704499255428;36;;
734704499267026;6;;
734704499267720;1;;
734704499279421;2;;
734704499285220;3;;
734704499301331;35;;
734704499312928;6;;
734704499313970;1;;
734704499325556;2;;
734704499331354;3;;
734704499338426;31;;
734704499350127;6;;
734704499350706;1;;
734704499362419;2;;
734704499368206;3;;
734704499376320;31;;
734704499388032;6;;
734704499389190;1;;
734704499400775;2;;
734704499406574;3;;
734704499415961;31;;
734704499427558;6;;
734704499428600;1;;
734704499440301;2;;
734704499446100;3;;
734704499475776;35;;
734704499487361;6;;
734704499487824;1;;
734704499499421;2;;
734704499505208;3;;
734704499512280;36;;
734704499523993;6;;
734704499524803;1;;
734704499536505;2;;
734704499542303;3;;
734704499550185;35;;
734704499561887;6;;
734704499562593;1;;
734704499574178;2;;
734704499579977;3;;
734704499584607;36;;
734704499596204;6;;
734704499597130;1;;
734704499608715;2;;
734704499614514;3;;
734704499620776;31;;
734704499632361;6;;
734704499632361;66;;
