735685469949294;0;3,2,200,0,v5;
735685470337674;55;;
735685470349861;1;;
735685470373067;2;;
735685470379271;3;;
735685470404317;31;;
735685470415949;6;;
735685470416713;1;;
735685470439942;2;;
735685470446285;3;;
735685470450579;31;;
735685470462211;6;;
735685470462650;1;;
735685470485868;2;;
735685470492130;3;;
735685470493704;36;;
735685470505336;6;;
735685470506319;1;;
735685470529525;2;;
735685470535868;3;;
735685470769641;31;;
735685470781285;6;;
735685470782350;1;;
735685470805567;2;;
735685470811921;3;;
735685470823692;31;;
735685470835324;6;;
735685470836100;1;;
735685470859306;2;;
735685470865706;3;;
735685470891609;36;;
735685470903241;6;;
735685470903901;1;;
735685470927118;2;;
735685470933380;3;;
735685471049850;36;;
735685471061482;6;;
735685471062199;1;;
735685471085405;2;;
735685471091736;3;;
735685471096296;31;;
735685471107928;6;;
735685471108461;1;;
735685471131667;2;;
735685471137963;3;;
735685471176806;34;;
735685471188449;6;;
735685471189688;1;;
735685471212905;2;;
735685471219225;3;;
735685471345961;33;;
735685471357593;6;;
735685471358333;1;;
735685471381539;2;;
735685471387951;3;;
735685471399086;31;;
735685471410718;6;;
735685471411227;1;;
735685471434433;2;;
735685471440729;3;;
735685471448866;36;;
735685471460498;6;;
735685471461377;1;;
735685471484595;2;;
735685471490984;3;;
735685471504572;31;;
735685471516204;6;;
735685471516945;1;;
735685471540162;2;;
735685471546597;3;;
735685471556574;31;;
735685471568206;6;;
735685471568785;1;;
735685471592014;2;;
735685471598333;3;;
735685471606563;31;;
735685471618183;6;;
735685471618819;1;;
735685471642026;2;;
735685471648368;3;;
735685471657083;31;;
735685471668715;6;;
735685471669294;1;;
735685471692500;2;;
735685471699005;3;;
735685471705938;31;;
735685471717569;6;;
735685471718137;1;;
735685471741354;2;;
735685471747674;3;;
735685471752211;36;;
735685471763843;6;;
735685471765313;1;;
735685471788519;2;;
735685471794838;3;;
735685471799410;31;;
735685471811042;6;;
735685471812037;1;;
735685471835266;2;;
735685471841701;3;;
735685471847535;31;;
735685471859155;6;;
735685471859988;1;;
735685471883194;2;;
735685471889641;3;;
735685471913229;32;;
735685471924861;6;;
735685471925660;1;;
735685471948877;2;;
735685471955255;3;;
735685471965972;31;;
735685471977604;6;;
735685471979167;1;;
735685472002384;2;;
735685472008773;3;;
735685472015394;31;;
735685472027025;6;;
735685472028206;1;;
735685472051424;2;;
735685472057743;3;;
735685472066852;31;;
735685472078484;6;;
735685472078993;1;;
735685472102211;2;;
735685472108623;3;;
735685472117928;31;;
735685472129560;6;;
735685472130394;1;;
735685472153623;2;;
735685472160069;3;;
735685472168819;31;;
735685472180451;6;;
735685472181007;1;;
735685472204236;2;;
735685472210532;3;;
735685472218982;31;;
735685472230614;6;;
735685472231019;1;;
735685472254225;2;;
735685472260498;3;;
735685472265625;36;;
735685472277257;6;;
735685472277801;1;;
735685472301007;2;;
735685472307384;3;;
735685472327813;35;;
735685472339433;6;;
735685472340151;1;;
735685472363380;2;;
735685472369850;3;;
735685472374630;36;;
735685472386262;6;;
735685472386863;1;;
735685472410093;2;;
735685472416377;3;;
735685472421458;36;;
735685472433090;6;;
735685472433692;1;;
735685472456898;2;;
735685472463275;3;;
735685472467917;36;;
735685472479549;6;;
735685472480046;1;;
735685472503264;2;;
735685472509502;3;;
735685472514919;31;;
735685472526551;6;;
735685472527465;1;;
735685472550683;2;;
735685472557037;3;;
735685472563044;36;;
735685472574664;6;;
735685472575405;1;;
735685472598611;2;;
735685472604965;3;;
735685472610614;31;;
735685472622257;6;;
735685472623623;1;;
735685472646829;2;;
735685472653206;3;;
735685472658553;31;;
735685472670174;6;;
735685472671505;1;;
735685472694722;2;;
735685472701076;3;;
735685472724618;35;;
735685472736250;6;;
735685472737002;1;;
735685472760220;2;;
735685472766447;3;;
735685472778843;31;;
735685472790475;6;;
735685472791713;1;;
735685472814942;2;;
735685472821285;3;;
735685472860833;32;;
735685472872465;6;;
735685472872975;1;;
735685472896192;2;;
735685472902523;3;;
735685472910243;31;;
735685472921875;6;;
735685472923634;1;;
735685472946840;2;;
735685472952917;3;;
735685472964097;31;;
735685472975729;6;;
735685472976644;1;;
735685472999850;2;;
735685473006320;3;;
735685473018901;35;;
735685473030521;6;;
735685473031042;1;;
735685473054248;2;;
735685473060486;3;;
735685473115313;35;;
735685473126944;6;;
735685473127512;1;;
735685473150729;2;;
735685473157049;3;;
735685473177674;36;;
735685473189306;6;;
735685473189826;1;;
735685473213056;2;;
735685473219514;3;;
735685473225070;31;;
735685473236701;6;;
735685473237303;1;;
735685473260509;2;;
735685473266782;3;;
735685473272627;31;;
735685473284259;6;;
735685473284803;1;;
735685473308009;2;;
735685473314340;3;;
735685473346100;35;;
735685473357732;6;;
735685473358681;1;;
735685473381887;2;;
735685473388276;3;;
735685473394213;31;;
735685473405845;6;;
735685473406574;1;;
735685473429792;2;;
735685473436158;3;;
735685473441238;31;;
735685473452870;6;;
735685473453449;1;;
735685473476655;2;;
735685473483067;3;;
735685473536366;34;;
735685473547986;6;;
735685473548414;1;;
735685473571632;2;;
735685473577894;3;;
735685473601320;31;;
735685473612963;6;;
735685473613889;1;;
735685473637107;2;;
735685473643495;3;;
735685473649074;31;;
735685473660706;6;;
735685473661424;1;;
735685473684641;2;;
735685473691042;3;;
735685473699039;31;;
735685473710671;6;;
735685473711181;1;;
735685473734398;2;;
735685473740718;3;;
735685473746053;36;;
735685473757685;6;;
735685473758079;1;;
735685473781285;2;;
735685473787558;3;;
735685473792870;31;;
735685473804502;6;;
735685473805891;1;;
735685473829132;2;;
735685473835509;3;;
735685473841192;31;;
735685473852824;6;;
735685473854190;1;;
735685473877396;2;;
735685473883773;3;;
735685473894120;35;;
735685473905752;6;;
735685473906667;1;;
735685473929884;2;;
735685473936215;3;;
735685473941678;31;;
735685473953310;6;;
735685473953912;1;;
735685473977130;2;;
735685473983438;3;;
735685473989063;31;;
735685474000683;6;;
735685474001354;1;;
735685474024583;2;;
735685474030729;3;;
735685474036262;31;;
735685474047894;6;;
735685474048692;1;;
735685474071898;2;;
735685474078171;3;;
735685474085127;36;;
735685474096748;6;;
735685474097431;1;;
735685474120637;2;;
735685474126863;3;;
735685474131945;31;;
735685474143576;6;;
735685474144445;1;;
735685474167662;2;;
735685474174016;3;;
735685474179502;31;;
735685474191134;6;;
735685474192026;1;;
735685474215243;2;;
735685474221620;3;;
735685474227269;31;;
735685474238901;6;;
735685474239502;1;;
735685474262708;2;;
735685474269155;3;;
735685474284456;31;;
735685474296076;6;;
735685474296620;1;;
735685474319826;2;;
735685474326146;3;;
735685474330903;36;;
735685474342535;6;;
735685474343808;1;;
735685474367025;2;;
735685474373310;3;;
735685474418067;34;;
735685474429711;6;;
735685474431262;1;;
735685474454479;2;;
735685474460857;3;;
735685474467870;31;;
735685474479491;6;;
735685474479977;1;;
735685474503183;2;;
735685474509479;3;;
735685474528565;35;;
735685474540197;6;;
735685474540718;1;;
735685474563935;2;;
735685474570255;3;;
735685474623507;33;;
735685474635151;6;;
735685474636644;1;;
735685474659873;2;;
735685474666111;3;;
735685474672188;31;;
735685474683820;6;;
735685474685162;1;;
735685474708380;2;;
735685474714699;3;;
735685474724560;31;;
735685474736192;6;;
735685474736921;1;;
735685474760139;2;;
735685474766632;3;;
735685474774711;31;;
735685474786343;6;;
735685474787107;1;;
735685474810313;2;;
735685474816759;3;;
735685474822465;31;;
735685474834109;6;;
735685474834491;1;;
735685474857708;2;;
735685474864005;3;;
735685474874664;31;;
735685474886296;6;;
735685474887211;1;;
735685474910417;2;;
735685474916759;3;;
735685474924074;31;;
735685474935706;6;;
735685474936204;1;;
735685474959421;2;;
735685474965729;3;;
735685474974792;31;;
735685474986412;6;;
735685474986921;1;;
735685475010139;2;;
735685475016401;3;;
735685475021794;31;;
735685475033438;6;;
735685475034745;1;;
735685475057951;2;;
735685475064282;3;;
735685475070104;31;;
735685475081736;6;;
735685475082373;1;;
735685475105579;2;;
735685475111910;3;;
735685475116563;36;;
735685475128194;6;;
735685475128611;1;;
735685475151806;2;;
735685475158090;3;;
735685475199282;34;;
735685475210914;6;;
735685475212211;1;;
735685475235440;2;;
735685475241771;3;;
735685475247604;31;;
735685475259225;6;;
735685475259803;1;;
735685475283021;2;;
735685475289340;3;;
735685475293681;36;;
735685475305313;6;;
735685475306956;1;;
735685475330174;2;;
735685475336551;3;;
735685475341609;31;;
735685475353252;6;;
735685475353819;1;;
735685475377025;2;;
735685475383368;3;;
735685475388808;36;;
735685475400440;6;;
735685475401898;1;;
735685475425116;2;;
735685475431632;3;;
735685475443044;32;;
735685475454676;6;;
735685475455486;1;;
735685475478704;2;;
735685475485139;3;;
735685475489676;31;;
735685475501308;6;;
735685475501887;1;;
735685475525104;2;;
735685475531366;3;;
735685475538357;31;;
735685475549989;6;;
735685475550475;1;;
735685475573681;2;;
735685475579977;3;;
735685475603125;33;;
735685475614757;6;;
735685475615613;1;;
735685475638831;2;;
735685475645231;3;;
735685475650521;36;;
735685475662141;6;;
735685475662593;1;;
735685475685810;2;;
735685475692072;3;;
735685475714178;32;;
735685475725810;6;;
735685475726354;1;;
735685475749572;2;;
735685475755972;3;;
735685475768773;31;;
735685475780405;6;;
735685475781215;1;;
735685475804433;2;;
735685475810810;3;;
735685475816516;36;;
735685475828160;6;;
735685475828866;1;;
735685475852083;2;;
735685475858438;3;;
735685475866505;31;;
735685475878137;6;;
735685475878935;1;;
735685475902153;2;;
735685475908449;3;;
735685475914063;31;;
735685475925695;6;;
735685475926157;1;;
735685475949363;2;;
735685475955660;3;;
735685475960891;36;;
735685475972512;6;;
735685475973125;1;;
735685475996343;2;;
735685476002512;3;;
735685476007894;31;;
735685476019525;6;;
735685476020208;1;;
735685476043438;2;;
735685476049769;3;;
735685476055289;36;;
735685476066910;6;;
735685476067419;1;;
735685476090637;2;;
735685476096968;3;;
735685476107847;31;;
735685476119468;6;;
735685476121204;1;;
735685476144421;2;;
735685476150787;3;;
735685476157627;31;;
735685476169259;6;;
735685476169271;66;;
