735633497654213;0;3,2,200,0,v5;
735633498101806;55;;
735633498114132;1;;
735633498137350;2;;
735633498143970;3;;
735633498212280;31;;
735633498223912;6;;
735633498224595;1;;
735633498247813;2;;
735633498254144;3;;
735633498314861;33;;
735633498326493;6;;
735633498327002;1;;
735633498350220;2;;
735633498356574;3;;
735633498407419;34;;
735633498419051;6;;
735633498420417;1;;
735633498443634;2;;
735633498449931;3;;
735633498505509;33;;
735633498517141;6;;
735633498517905;1;;
735633498541123;2;;
735633498547535;3;;
735633498670058;33;;
735633498681690;6;;
735633498682199;1;;
735633498705417;2;;
735633498711748;3;;
735633498800637;36;;
735633498812269;6;;
735633498812789;1;;
735633498835995;2;;
735633498842523;3;;
735633498928426;31;;
735633498940058;6;;
735633498940556;1;;
735633498963762;2;;
735633498970127;3;;
735633498995035;31;;
735633499006667;6;;
735633499007211;1;;
735633499030428;2;;
735633499036782;3;;
735633499057627;31;;
735633499069271;6;;
735633499070451;1;;
735633499093669;2;;
735633499099931;3;;
735633499129039;31;;
735633499140671;6;;
735633499141806;1;;
735633499165012;2;;
735633499171470;3;;
735633499219757;32;;
735633499231389;6;;
735633499231863;1;;
735633499255069;2;;
735633499261400;3;;
735633499326875;34;;
735633499338507;6;;
735633499339051;1;;
735633499362269;2;;
735633499368704;3;;
735633499423252;36;;
735633499434884;6;;
735633499435938;1;;
735633499459155;2;;
735633499465579;3;;
735633499504248;31;;
735633499515880;6;;
735633499516447;1;;
735633499539653;2;;
735633499545857;3;;
735633499568611;31;;
735633499580243;6;;
735633499580787;1;;
735633499604016;2;;
735633499610347;3;;
735633499630208;31;;
735633499641840;6;;
735633499642303;1;;
735633499665521;2;;
735633499671852;3;;
735633499690984;31;;
735633499702616;6;;
735633499703056;1;;
735633499726262;2;;
735633499732616;3;;
735633499766100;36;;
735633499777732;6;;
735633499778380;1;;
735633499801597;2;;
735633499807963;3;;
735633499824815;31;;
735633499836435;6;;
735633499837639;1;;
735633499860857;2;;
735633499867280;3;;
735633499894838;31;;
735633499906470;6;;
735633499907002;1;;
735633499930232;2;;
735633499936678;3;;
735633499955972;36;;
735633499967604;6;;
735633499968345;1;;
735633499991551;2;;
735633499997859;3;;
735633500021852;31;;
735633500033484;6;;
735633500033970;1;;
735633500057188;2;;
735633500063495;3;;
735633500076053;31;;
735633500087685;6;;
735633500088715;1;;
735633500111921;2;;
735633500118356;3;;
735633500194850;31;;
735633500206493;6;;
735633500207211;1;;
735633500230417;2;;
735633500236528;3;;
735633500267674;35;;
735633500279306;6;;
735633500280359;1;;
735633500303576;2;;
735633500310012;3;;
735633500324294;31;;
735633500335926;6;;
735633500336516;1;;
735633500359734;2;;
735633500365984;3;;
735633500379653;36;;
735633500391285;6;;
735633500391725;1;;
735633500414965;2;;
735633500421158;3;;
735633500441262;31;;
735633500452894;6;;
735633500453322;1;;
735633500476539;2;;
735633500482917;3;;
735633500506331;36;;
735633500517963;6;;
735633500518310;1;;
735633500541528;2;;
735633500547894;3;;
735633500560984;36;;
735633500572616;6;;
735633500573102;1;;
735633500596320;2;;
735633500602859;3;;
735633500616470;31;;
735633500628102;6;;
735633500628530;1;;
735633500651748;2;;
735633500657998;3;;
735633500671250;36;;
735633500682882;6;;
735633500683333;1;;
735633500706539;2;;
735633500712836;3;;
735633500725706;31;;
735633500737373;6;;
735633500738113;1;;
735633500761319;2;;
735633500767627;3;;
735633500820463;33;;
735633500832095;6;;
735633500832581;1;;
735633500855799;2;;
735633500862141;3;;
735633500876042;36;;
735633500887685;6;;
735633500888438;1;;
735633500911644;2;;
735633500918021;3;;
735633500934641;31;;
735633500946273;6;;
735633500946771;1;;
735633500969988;2;;
735633500976319;3;;
735633501032870;31;;
735633501044514;6;;
735633501045069;1;;
735633501068275;2;;
735633501074630;3;;
735633501093889;35;;
735633501105509;6;;
735633501107176;1;;
735633501130394;2;;
735633501136771;3;;
735633501162512;31;;
735633501174144;6;;
735633501174549;1;;
735633501197766;2;;
735633501204086;3;;
735633501218912;36;;
735633501230544;6;;
735633501231181;1;;
735633501254387;2;;
735633501260741;3;;
735633501276551;31;;
735633501288183;6;;
735633501288750;1;;
735633501311956;2;;
735633501318495;3;;
735633501343669;31;;
735633501355301;6;;
735633501355822;1;;
735633501379039;2;;
735633501385394;3;;
735633501399572;36;;
735633501411215;6;;
735633501411725;1;;
735633501434942;2;;
735633501441273;3;;
735633501451100;36;;
735633501462732;6;;
735633501463461;1;;
735633501486667;2;;
735633501493021;3;;
735633501509190;31;;
735633501520822;6;;
735633501522488;1;;
735633501545694;2;;
735633501552014;3;;
735633501573634;31;;
735633501585266;6;;
735633501585683;1;;
735633501608901;2;;
735633501615012;3;;
735633501638657;31;;
735633501650289;6;;
735633501650961;1;;
735633501674178;2;;
735633501680532;3;;
735633501692234;31;;
735633501703866;6;;
735633501704618;1;;
735633501727836;2;;
735633501734271;3;;
735633501747315;31;;
735633501758947;6;;
735633501759317;1;;
735633501782535;2;;
735633501788866;3;;
735633501826887;32;;
735633501838519;6;;
735633501839039;1;;
735633501862257;2;;
735633501868669;3;;
735633501881505;36;;
735633501893137;6;;
735633501893877;1;;
735633501917095;2;;
735633501923507;3;;
735633501936806;31;;
735633501948438;6;;
735633501949190;1;;
735633501972408;2;;
735633501978785;3;;
735633501991875;31;;
735633502003507;6;;
735633502004028;1;;
735633502027245;2;;
735633502033785;3;;
735633502139664;33;;
735633502151296;6;;
735633502151771;1;;
735633502175000;2;;
735633502181250;3;;
735633502228576;36;;
735633502240208;6;;
735633502241343;1;;
735633502264583;2;;
735633502270833;3;;
735633502301181;33;;
735633502312813;6;;
735633502313646;1;;
735633502336863;2;;
735633502343310;3;;
735633502392836;33;;
735633502404468;6;;
735633502405810;1;;
735633502429028;2;;
735633502435347;3;;
735633502452292;33;;
735633502463924;6;;
735633502464456;1;;
735633502487674;2;;
735633502494063;3;;
735633502532986;33;;
735633502544618;6;;
735633502545382;1;;
735633502568588;2;;
735633502574965;3;;
735633502594051;33;;
735633502605683;6;;
735633502606366;1;;
735633502629595;2;;
735633502636065;3;;
735633502694259;34;;
735633502705891;6;;
735633502707037;1;;
735633502730266;2;;
735633502736725;3;;
735633502766053;33;;
735633502777685;6;;
735633502778843;1;;
735633502802072;2;;
735633502808333;3;;
735633502887627;33;;
735633502899259;6;;
735633502899884;1;;
735633502923102;2;;
735633502929433;3;;
735633502974317;33;;
735633502985949;6;;
735633502987083;1;;
735633503010301;2;;
735633503016609;3;;
735633503029144;33;;
735633503040787;6;;
735633503041250;1;;
735633503064468;2;;
735633503070810;3;;
735633503152789;31;;
735633503164421;6;;
735633503165984;1;;
735633503189201;2;;
735633503195486;3;;
735633503241458;31;;
735633503253090;6;;
735633503253727;1;;
735633503276944;2;;
735633503283310;3;;
735633503317650;31;;
735633503329282;6;;
735633503329769;1;;
735633503352986;2;;
735633503359352;3;;
735633503377789;31;;
735633503389421;6;;
735633503389861;1;;
735633503413067;2;;
735633503419375;3;;
735633503454803;36;;
735633503466435;6;;
735633503467153;1;;
735633503490359;2;;
735633503496794;3;;
735633503569329;31;;
735633503580961;6;;
735633503582674;1;;
735633503605891;2;;
735633503612396;3;;
735633503639514;31;;
735633503651146;6;;
735633503652419;1;;
735633503675637;2;;
735633503681898;3;;
735633503694815;31;;
735633503706447;6;;
735633503707234;1;;
735633503730440;2;;
735633503736782;3;;
735633503750220;31;;
735633503761852;6;;
735633503762361;1;;
735633503785579;2;;
735633503791979;3;;
735633503826181;32;;
735633503837824;6;;
735633503838831;1;;
735633503862049;2;;
735633503868345;3;;
735633503904051;31;;
735633503915683;6;;
735633503916204;1;;
735633503939421;2;;
735633503945949;3;;
735633503956528;31;;
735633503968160;6;;
735633503968669;1;;
735633503991887;2;;
735633503998241;3;;
735633504026620;36;;
735633504038264;6;;
735633504038808;1;;
735633504062026;2;;
735633504068391;3;;
735633504088762;31;;
735633504100394;6;;
735633504100949;1;;
735633504124167;2;;
735633504130498;3;;
735633504158681;36;;
735633504170313;6;;
735633504170533;1;;
735633504193750;2;;
735633504200012;3;;
735633504223565;36;;
735633504235197;6;;
735633504236366;1;;
735633504259595;2;;
735633504265914;3;;
735633504281528;31;;
735633504293160;6;;
735633504293634;1;;
735633504316852;2;;
735633504323229;3;;
735633504336377;31;;
735633504348009;6;;
735633504349201;1;;
735633504372408;2;;
735633504378796;3;;
735633504389827;31;;
735633504401458;6;;
735633504401921;1;;
735633504425151;2;;
735633504431551;3;;
735633504510255;34;;
735633504521887;6;;
735633504522489;1;;
735633504545706;2;;
735633504552060;3;;
735633504577442;31;;
735633504589074;6;;
735633504589850;1;;
735633504613067;2;;
735633504619387;3;;
735633504644178;31;;
735633504655822;6;;
735633504656262;1;;
735633504679479;2;;
735633504685718;3;;
735633504728484;31;;
735633504740116;6;;
735633504740556;1;;
735633504763773;2;;
735633504770313;3;;
735633504794757;36;;
735633504806389;6;;
735633504806875;1;;
735633504830093;2;;
735633504836435;3;;
735633504864502;31;;
735633504876134;6;;
735633504876620;1;;
735633504899838;2;;
735633504906215;3;;
735633504919583;36;;
735633504931215;6;;
735633504931748;1;;
735633504954965;2;;
735633504961400;3;;
735633504979410;31;;
735633504991042;6;;
735633504991563;1;;
735633505014780;2;;
735633505021146;3;;
735633505039444;36;;
735633505051076;6;;
735633505051620;1;;
735633505074850;2;;
735633505081181;3;;
735633505093970;36;;
735633505105602;6;;
735633505106157;1;;
735633505129363;2;;
735633505135706;3;;
735633505147778;31;;
735633505159410;6;;
735633505159896;1;;
735633505183113;2;;
735633505189537;3;;
735633505213032;36;;
735633505224676;6;;
735633505225301;1;;
735633505248519;2;;
735633505254850;3;;
735633505276783;31;;
735633505288414;6;;
735633505288843;1;;
735633505312060;2;;
735633505318380;3;;
735633505337176;36;;
735633505348808;6;;
735633505349201;1;;
735633505372419;2;;
735633505378785;3;;
735633505391458;31;;
735633505403090;6;;
735633505403924;1;;
735633505427141;2;;
735633505433565;3;;
735633505445625;31;;
735633505457257;6;;
735633505457280;66;;
