733827693908472;0;1,2,200,v3;
733827694123137;55;;
733827694136007;1;;
733827694147593;2;;
733827694153391;3;;
733827694195694;36;;
733827694207292;6;;
733827694208102;1;;
733827694219688;2;;
733827694225486;3;;
733827694247164;36;;
733827694258866;6;;
733827694259907;1;;
733827694271505;2;;
733827694277292;3;;
733827694295266;31;;
733827694306852;6;;
733827694307546;1;;
733827694319132;2;;
733827694324931;3;;
733827694346377;32;;
733827694357963;6;;
733827694358658;1;;
733827694370255;2;;
733827694376053;3;;
733827694382535;36;;
733827694394248;6;;
733827694394942;1;;
733827694406528;2;;
733827694412327;3;;
733827694435857;36;;
733827694447442;6;;
733827694448380;1;;
733827694459965;2;;
733827694465764;3;;
733827694496482;35;;
733827694508067;6;;
733827694508877;1;;
733827694520475;2;;
733827694526262;3;;
733827694542257;35;;
733827694553854;6;;
733827694554664;1;;
733827694566250;2;;
733827694572049;3;;
733827694579699;36;;
733827694591401;6;;
733827694592211;1;;
733827694603808;2;;
733827694609607;3;;
733827694619919;35;;
733827694631505;6;;
733827694632199;1;;
733827694643912;2;;
733827694649711;3;;
733827694655266;36;;
733827694666863;6;;
733827694668021;1;;
733827694679607;2;;
733827694685405;3;;
733827694724931;34;;
733827694736516;6;;
733827694737211;1;;
733827694748808;2;;
733827694754607;3;;
733827694761667;36;;
733827694773380;6;;
733827694774190;1;;
733827694785776;2;;
733827694791574;3;;
733827694796100;35;;
733827694807685;6;;
733827694808611;1;;
733827694820208;2;;
733827694825995;3;;
733827694842106;31;;
733827694853704;6;;
733827694854745;1;;
733827694866331;2;;
733827694872130;3;;
733827694879317;31;;
733827694890914;6;;
733827694891377;1;;
733827694902963;2;;
733827694908762;3;;
733827694914201;36;;
733827694925799;6;;
733827694926609;1;;
733827694938195;2;;
733827694943993;3;;
733827694950023;34;;
733827694961609;6;;
733827694962419;1;;
733827694974016;2;;
733827694979815;3;;
733827694985023;36;;
733827694996736;6;;
733827694997431;1;;
733827695009016;2;;
733827695014815;3;;
733827695031852;35;;
733827695043438;6;;
733827695044144;1;;
733827695055729;2;;
733827695061528;3;;
733827695072188;36;;
733827695083901;6;;
733827695085058;1;;
733827695096644;2;;
733827695102442;3;;
733827695111597;31;;
733827695123299;6;;
733827695123993;1;;
733827695135706;2;;
733827695141505;3;;
733827695158426;31;;
733827695170012;6;;
733827695171285;1;;
733827695182998;2;;
733827695188796;3;;
733827695193542;31;;
733827695205139;6;;
733827695205949;1;;
733827695217535;2;;
733827695223333;3;;
733827695226690;31;;
733827695238287;6;;
733827695239097;1;;
733827695250683;2;;
733827695256482;3;;
733827695257060;31;;
733827695268646;6;;
733827695269468;1;;
733827695281053;2;;
733827695286852;3;;
733827695288009;31;;
733827695299595;6;;
733827695300405;1;;
733827695312002;2;;
733827695317801;3;;
733827695321852;31;;
733827695333449;6;;
733827695334259;1;;
733827695345845;2;;
733827695351644;3;;
733827695356273;36;;
733827695367870;6;;
733827695368449;1;;
733827695380035;2;;
733827695385833;3;;
733827695391864;36;;
733827695403449;6;;
733827695404491;1;;
733827695416088;2;;
733827695421875;3;;
733827695427674;31;;
733827695439271;6;;
733827695439965;1;;
733827695451551;2;;
733827695457350;3;;
733827695462801;31;;
733827695474387;6;;
733827695475660;1;;
733827695487257;2;;
733827695493044;3;;
733827695497685;31;;
733827695509387;6;;
733827695510440;1;;
733827695522141;2;;
733827695527940;3;;
733827695533032;31;;
733827695544630;6;;
733827695545903;1;;
733827695557489;2;;
733827695563287;3;;
733827695567118;31;;
733827695578704;6;;
733827695579398;1;;
733827695591111;2;;
733827695596898;3;;
733827695600729;36;;
733827695612431;6;;
733827695613588;1;;
733827695625185;2;;
733827695630972;3;;
733827695642107;31;;
733827695653808;6;;
733827695654618;1;;
733827695666331;2;;
733827695672130;3;;
733827695676181;36;;
733827695687778;6;;
733827695688472;1;;
733827695700174;2;;
733827695705972;3;;
733827695711887;36;;
733827695723472;6;;
733827695724282;1;;
733827695735880;2;;
733827695741667;3;;
733827695746655;36;;
733827695758241;6;;
733827695759051;1;;
733827695770648;2;;
733827695776447;3;;
733827695794178;32;;
733827695805764;6;;
733827695806921;1;;
733827695818634;2;;
733827695824433;3;;
733827695828600;36;;
733827695840185;6;;
733827695841238;1;;
733827695852824;2;;
733827695858623;3;;
733827695865463;36;;
733827695877049;6;;
733827695877859;1;;
733827695889456;2;;
733827695895243;3;;
733827695902778;36;;
733827695914375;6;;
733827695915301;1;;
733827695927002;2;;
733827695932801;3;;
733827695964560;34;;
733827695976146;6;;
733827695977546;1;;
733827695989248;2;;
733827695995046;3;;
733827696014167;32;;
733827696025764;6;;
733827696026574;1;;
733827696038160;2;;
733827696043958;3;;
733827696061227;32;;
733827696072813;6;;
733827696073160;1;;
733827696084757;2;;
733827696090556;3;;
733827696122894;35;;
733827696134479;6;;
733827696135174;1;;
733827696146771;2;;
733827696152558;3;;
733827696172269;36;;
733827696183854;6;;
733827696184780;1;;
733827696196493;2;;
733827696202280;3;;
733827696209005;31;;
733827696220718;6;;
733827696221412;1;;
733827696233113;2;;
733827696238912;3;;
733827696245289;36;;
733827696256875;6;;
733827696257570;1;;
733827696269167;2;;
733827696274954;3;;
733827696285972;31;;
733827696297558;6;;
733827696298368;1;;
733827696309965;2;;
733827696315764;3;;
733827696325382;36;;
733827696336968;6;;
733827696338009;1;;
733827696349607;2;;
733827696355394;3;;
733827696368611;31;;
733827696380324;6;;
733827696381134;1;;
733827696392720;2;;
733827696398519;3;;
733827696413704;35;;
733827696425289;6;;
733827696425637;1;;
733827696437350;2;;
733827696443137;3;;
733827696459826;36;;
733827696471424;6;;
733827696472581;1;;
733827696484167;2;;
733827696489965;3;;
733827696498426;31;;
733827696510023;6;;
733827696510370;1;;
733827696521956;2;;
733827696527755;3;;
733827696535521;35;;
733827696547107;6;;
733827696547570;1;;
733827696559167;2;;
733827696564965;3;;
733827696579908;34;;
733827696591620;6;;
733827696592546;1;;
733827696604132;2;;
733827696609931;3;;
733827696626736;31;;
733827696638333;6;;
733827696639144;1;;
733827696650729;2;;
733827696656528;3;;
733827696659653;36;;
733827696671366;6;;
733827696672176;1;;
733827696683762;2;;
733827696689560;3;;
733827696699410;34;;
733827696711007;6;;
733827696711817;1;;
733827696723519;2;;
733827696729317;3;;
733827696739051;31;;
733827696750648;6;;
733827696751690;1;;
733827696763275;2;;
733827696769074;3;;
733827696780197;31;;
733827696791794;6;;
733827696792836;1;;
733827696804421;2;;
733827696810220;3;;
733827696814514;31;;
733827696826100;6;;
733827696826794;1;;
733827696838495;2;;
733827696844294;3;;
733827696848472;31;;
733827696860058;6;;
733827696861100;1;;
733827696872697;2;;
733827696878484;3;;
733827696923692;31;;
733827696935289;6;;
733827696935984;1;;
733827696947685;2;;
733827696953484;3;;
733827696960208;36;;
733827696971794;6;;
733827696972373;1;;
733827696984086;2;;
733827696989873;3;;
733827696998912;36;;
733827697010509;6;;
733827697010972;1;;
733827697022558;2;;
733827697028357;3;;
733827697034850;36;;
733827697046435;6;;
733827697047477;1;;
733827697059074;2;;
733827697064873;3;;
733827697075995;31;;
733827697087581;6;;
733827697088750;1;;
733827697100451;2;;
733827697106250;3;;
733827697121898;32;;
733827697133600;6;;
733827697134641;1;;
733827697146238;2;;
733827697152025;3;;
733827697159445;31;;
733827697171042;6;;
733827697171852;1;;
733827697183438;2;;
733827697189236;3;;
733827697218333;32;;
733827697229919;6;;
733827697230614;1;;
733827697242211;2;;
733827697247998;3;;
733827697264688;36;;
733827697276285;6;;
733827697277095;1;;
733827697288681;2;;
733827697294479;3;;
733827697301088;31;;
733827697312674;6;;
733827697313495;1;;
733827697325197;2;;
733827697330995;3;;
733827697338646;36;;
733827697350347;6;;
733827697351505;1;;
733827697363102;2;;
733827697368889;3;;
733827697386863;31;;
733827697398565;6;;
733827697399491;1;;
733827697411204;2;;
733827697416991;3;;
733827697426968;31;;
733827697438669;6;;
733827697439479;1;;
733827697451076;2;;
733827697456864;3;;
733827697463472;31;;
733827697475069;6;;
733827697475532;1;;
733827697487118;2;;
733827697492917;3;;
733827697496736;31;;
733827697508449;6;;
733827697509491;1;;
733827697521076;2;;
733827697526875;3;;
733827697530822;31;;
733827697542407;6;;
733827697543333;1;;
733827697555046;2;;
733827697560833;3;;
733827697566285;35;;
733827697577870;6;;
733827697579271;1;;
733827697590972;2;;
733827697596771;3;;
733827697630382;35;;
733827697641968;6;;
733827697642778;1;;
733827697654375;2;;
733827697660174;3;;
733827697670370;31;;
733827697681956;6;;
733827697682998;1;;
733827697694595;2;;
733827697700394;3;;
733827697705949;31;;
733827697717662;6;;
733827697718357;1;;
733827697730058;2;;
733827697735857;3;;
733827697739792;31;;
733827697751389;6;;
733827697752199;1;;
733827697763785;2;;
733827697769583;3;;
733827697776192;35;;
733827697787778;6;;
733827697788484;1;;
733827697800070;2;;
733827697805868;3;;
733827697813171;35;;
733827697824873;6;;
733827697825683;1;;
733827697837280;2;;
733827697843067;3;;
733827697846667;36;;
733827697858252;6;;
733827697858947;1;;
733827697870660;2;;
733827697876447;3;;
733827697882361;31;;
733827697894074;6;;
733827697894769;1;;
733827697906354;2;;
733827697912153;3;;
733827697920614;32;;
733827697932315;6;;
733827697933484;1;;
733827697945069;2;;
733827697950868;3;;
733827697973345;31;;
733827697985058;6;;
733827697985405;1;;
733827697997107;2;;
733827698002905;3;;
733827698009630;31;;
733827698021215;6;;
733827698022037;1;;
733827698033623;2;;
733827698039421;3;;
733827698058773;35;;
733827698070486;6;;
733827698071528;1;;
733827698083113;2;;
733827698088912;3;;
733827698103403;35;;
733827698114988;6;;
733827698115451;1;;
733827698127049;2;;
733827698132836;3;;
733827698133067;36;;
733827698144780;6;;
733827698145590;1;;
733827698157176;2;;
733827698162975;3;;
733827698180706;31;;
733827698192303;6;;
733827698192998;1;;
733827698204583;2;;
733827698210382;3;;
733827698219421;36;;
733827698231007;6;;
733827698231945;1;;
733827698243530;2;;
733827698249329;3;;
733827698274942;32;;
733827698286528;6;;
733827698286528;66;;
