736191488445232;0;1,2,200,0,v5;
736191489562743;55;;
736191489575417;1;;
736191489598611;2;;
736191489605035;3;;
736191489616539;31;;
736191489628160;6;;
736191489628542;1;;
736191489651725;2;;
736191489657859;3;;
736191489677697;36;;
736191489689317;6;;
736191489690764;1;;
736191489713982;2;;
736191489720151;3;;
736191489783958;36;;
736191489795579;6;;
736191489795880;1;;
736191489819086;2;;
736191489825208;3;;
736191489842002;36;;
736191489853611;6;;
736191489853866;1;;
736191489877072;2;;
736191489883171;3;;
736191489888947;36;;
736191489900567;6;;
736191489900914;1;;
736191489924097;2;;
736191489930232;3;;
736191489935533;31;;
736191489947141;6;;
736191489947593;1;;
736191489970810;2;;
736191489976933;3;;
736191489981759;36;;
736191489993368;6;;
736191489993658;1;;
736191490016864;2;;
736191490022963;3;;
736191490033692;31;;
736191490045313;6;;
736191490045718;1;;
736191490068935;2;;
736191490075012;3;;
736191490080833;36;;
736191490092454;6;;
736191490092766;1;;
736191490115995;2;;
736191490122083;3;;
736191490127963;31;;
736191490139572;6;;
736191490139942;1;;
736191490163148;2;;
736191490169282;3;;
736191490199306;36;;
736191490210926;6;;
736191490211412;1;;
736191490234630;2;;
736191490240799;3;;
736191490283947;36;;
736191490295567;6;;
736191490296007;1;;
736191490319213;2;;
736191490325347;3;;
736191490330903;31;;
736191490342512;6;;
736191490342905;1;;
736191490366088;2;;
736191490372245;3;;
736191490378044;31;;
736191490389664;6;;
736191490390046;1;;
736191490413252;2;;
736191490419398;3;;
736191490423333;31;;
736191490434954;6;;
736191490435370;1;;
736191490458576;2;;
736191490464769;3;;
736191490469734;31;;
736191490481343;6;;
736191490481574;1;;
736191490504780;2;;
736191490510949;3;;
736191490515579;36;;
736191490527188;6;;
736191490527569;1;;
736191490550787;2;;
736191490556944;3;;
736191490563264;31;;
736191490574896;6;;
736191490575220;1;;
736191490598414;2;;
736191490604537;3;;
736191490648657;31;;
736191490660266;6;;
736191490660613;1;;
736191490683831;2;;
736191490689965;3;;
736191490695232;36;;
736191490706852;6;;
736191490707164;1;;
736191490730382;2;;
736191490736447;3;;
736191490761400;36;;
736191490773021;6;;
736191490773877;1;;
736191490797095;2;;
736191490803171;3;;
736191490810208;36;;
736191490821829;6;;
736191490822107;1;;
736191490845289;2;;
736191490851412;3;;
736191490857164;31;;
736191490868773;6;;
736191490869213;1;;
736191490892431;2;;
736191490898611;3;;
736191490908183;31;;
736191490919792;6;;
736191490920197;1;;
736191490943380;2;;
736191490949502;3;;
736191490950324;31;;
736191490961945;6;;
736191490962350;1;;
736191490985579;2;;
736191490991701;3;;
736191491000984;36;;
736191491012604;6;;
736191491012951;1;;
736191491036157;2;;
736191491042373;3;;
736191491136609;36;;
736191491148218;6;;
736191491148507;1;;
736191491171725;2;;
736191491177813;3;;
736191491185972;31;;
736191491197593;6;;
736191491197963;1;;
736191491221146;2;;
736191491227269;3;;
736191491239942;36;;
736191491251563;6;;
736191491251875;1;;
736191491275093;2;;
736191491281262;3;;
736191491329016;36;;
736191491340625;6;;
736191491341134;1;;
736191491364364;2;;
736191491370498;3;;
736191491443032;36;;
736191491454653;6;;
736191491454919;1;;
736191491478137;2;;
736191491484259;3;;
736191491497384;36;;
736191491508993;6;;
736191491510139;1;;
736191491533345;2;;
736191491539410;3;;
736191491552083;31;;
736191491563704;6;;
736191491564167;1;;
736191491587407;2;;
736191491593588;3;;
736191491599421;31;;
736191491611042;6;;
736191491611458;1;;
736191491634641;2;;
736191491640799;3;;
736191491644340;31;;
736191491655961;6;;
736191491656285;1;;
736191491679502;2;;
736191491685590;3;;
736191491735081;31;;
736191491746690;6;;
736191491747616;1;;
736191491770799;2;;
736191491776910;3;;
736191491783322;31;;
736191491794942;6;;
736191491795359;1;;
736191491818553;2;;
736191491824676;3;;
736191491835093;31;;
736191491846701;6;;
736191491847083;1;;
736191491870289;2;;
736191491876424;3;;
736191491882222;31;;
736191491893831;6;;
736191491894144;1;;
736191491917338;2;;
736191491923461;3;;
736191491967604;31;;
736191491979213;6;;
736191491980000;1;;
736191492003229;2;;
736191492009398;3;;
736191492015856;36;;
736191492027477;6;;
736191492027928;1;;
736191492051111;2;;
736191492057303;3;;
736191492063912;31;;
736191492075533;6;;
736191492076053;1;;
736191492099236;2;;
736191492105394;3;;
736191492155382;36;;
736191492167002;6;;
736191492167373;1;;
736191492190567;2;;
736191492196725;3;;
736191492248530;31;;
736191492260151;6;;
736191492260556;1;;
736191492283773;2;;
736191492289919;3;;
736191492361065;36;;
736191492372674;6;;
736191492373171;1;;
736191492396400;2;;
736191492402477;3;;
736191492422616;31;;
736191492434236;6;;
736191492434514;1;;
736191492457732;2;;
736191492463889;3;;
736191492530903;31;;
736191492542523;6;;
736191492542813;1;;
736191492566019;2;;
736191492572164;3;;
736191492576563;31;;
736191492588183;6;;
736191492588588;1;;
736191492611817;2;;
736191492617928;3;;
736191492622407;31;;
736191492634028;6;;
736191492634433;1;;
736191492657662;2;;
736191492663762;3;;
736191492669549;31;;
736191492681157;6;;
736191492681482;1;;
736191492704676;2;;
736191492710764;3;;
736191492716134;36;;
736191492727743;6;;
736191492728090;1;;
736191492751308;2;;
736191492757477;3;;
736191492766227;31;;
736191492777836;6;;
736191492778160;1;;
736191492801377;2;;
736191492807477;3;;
736191492816354;31;;
736191492827963;6;;
736191492828438;1;;
736191492851644;2;;
736191492857813;3;;
736191492863669;36;;
736191492875289;6;;
736191492875590;1;;
736191492898785;2;;
736191492904896;3;;
736191492920417;31;;
736191492932026;6;;
736191492932222;1;;
736191492955451;2;;
736191492961609;3;;
736191493008750;31;;
736191493020370;6;;
736191493021262;1;;
736191493044456;2;;
736191493050567;3;;
736191493050718;31;;
736191493062454;6;;
736191493062662;1;;
736191493085856;2;;
736191493092026;3;;
736191493095451;31;;
736191493107072;6;;
736191493107778;1;;
736191493130984;2;;
736191493137164;3;;
736191493183044;31;;
736191493194664;6;;
736191493195174;1;;
736191493218391;2;;
736191493224514;3;;
736191493230012;31;;
736191493241620;6;;
736191493241921;1;;
736191493265127;2;;
736191493271215;3;;
736191493280845;31;;
736191493292465;6;;
736191493292778;1;;
736191493315984;2;;
736191493322095;3;;
736191493331123;36;;
736191493342732;6;;
736191493343102;1;;
736191493366296;2;;
736191493372419;3;;
736191493397801;31;;
736191493409421;6;;
736191493410301;1;;
736191493433495;2;;
736191493439549;3;;
736191493449016;36;;
736191493460625;6;;
736191493461042;1;;
736191493484236;2;;
736191493490324;3;;
736191493541597;36;;
736191493553206;6;;
736191493553530;1;;
736191493576736;2;;
736191493582847;3;;
736191493669282;31;;
736191493680903;6;;
736191493681875;1;;
736191493705081;2;;
736191493711273;3;;
736191493712917;31;;
736191493724526;6;;
736191493724873;1;;
736191493748067;2;;
736191493754190;3;;
736191493773530;31;;
736191493785151;6;;
736191493785428;1;;
736191493808634;2;;
736191493814769;3;;
736191493854120;31;;
736191493865729;6;;
736191493865961;1;;
736191493889167;2;;
736191493895324;3;;
736191493901250;31;;
736191493912870;6;;
736191493913380;1;;
736191493936586;2;;
736191493942732;3;;
736191494035961;31;;
736191494047581;6;;
736191494048044;1;;
736191494071273;2;;
736191494077431;3;;
736191494143692;31;;
736191494155301;6;;
736191494155706;1;;
736191494178889;2;;
736191494185058;3;;
736191494354514;31;;
736191494366123;6;;
736191494366539;1;;
736191494389734;2;;
736191494395857;3;;
736191494496979;31;;
736191494508600;6;;
736191494508901;1;;
736191494532107;2;;
736191494538229;3;;
736191494544306;36;;
736191494555914;6;;
736191494556319;1;;
736191494579525;2;;
736191494585613;3;;
736191494593657;31;;
736191494605266;6;;
736191494605660;1;;
736191494628866;2;;
736191494634931;3;;
736191494672211;36;;
736191494683820;6;;
736191494684792;1;;
736191494708009;2;;
736191494714109;3;;
736191495160509;31;;
736191495172130;6;;
736191495173044;1;;
736191495196262;2;;
736191495202442;3;;
736191495210602;36;;
736191495222222;6;;
736191495222570;1;;
736191495245764;2;;
736191495251921;3;;
736191495256273;36;;
736191495267894;6;;
736191495268218;1;;
736191495291424;2;;
736191495297593;3;;
736191495301192;31;;
736191495312813;6;;
736191495313183;1;;
736191495336377;2;;
736191495342546;3;;
736191495346852;36;;
736191495358472;6;;
736191495359398;1;;
736191495382604;2;;
736191495388727;3;;
736191495392882;36;;
736191495404491;6;;
736191495405475;1;;
736191495428692;2;;
736191495434896;3;;
736191495453889;36;;
736191495465498;6;;
736191495466887;1;;
736191495490081;2;;
736191495496192;3;;
736191495501574;31;;
736191495513195;6;;
736191495514456;1;;
736191495537662;2;;
736191495543762;3;;
736191495554815;31;;
736191495566424;6;;
736191495566736;1;;
736191495589942;2;;
736191495596042;3;;
736191495728681;36;;
736191495740301;6;;
736191495740683;1;;
736191495763877;2;;
736191495770000;3;;
736191495793924;36;;
736191495805544;6;;
736191495805914;1;;
736191495829120;2;;
736191495835185;3;;
736191495836644;36;;
736191495848252;6;;
736191495848658;1;;
736191495871864;2;;
736191495877986;3;;
736191495882292;31;;
736191495893912;6;;
736191495894294;1;;
736191495917512;2;;
736191495923646;3;;
736191495931285;36;;
736191495942894;6;;
736191495943252;1;;
736191495966470;2;;
736191495972604;3;;
736191495978785;31;;
736191495990405;6;;
736191495990810;1;;
736191496014016;2;;
736191496020127;3;;
736191496025741;31;;
736191496037350;6;;
736191496037732;1;;
736191496060961;2;;
736191496067060;3;;
736191496074178;31;;
736191496085799;6;;
736191496086308;1;;
736191496109526;2;;
736191496115648;3;;
736191496206482;31;;
736191496218090;6;;
736191496218542;1;;
736191496241783;2;;
736191496247940;3;;
736191496313484;36;;
736191496325093;6;;
736191496325347;1;;
736191496348553;2;;
736191496354688;3;;
736191496355255;31;;
736191496366875;6;;
736191496367257;1;;
736191496390440;2;;
736191496396551;3;;
736191496400914;31;;
736191496412535;6;;
736191496412870;1;;
736191496436076;2;;
736191496442211;3;;
736191496442512;36;;
736191496454132;6;;
736191496454641;1;;
736191496477847;2;;
736191496484039;3;;
736191496490579;31;;
736191496502199;6;;
736191496502222;66;;
