733575657044560;0;1,2,200,v3;
733575657903785;55;;
733575657919549;1;;
733575657931262;2;;
733575657937049;3;;
733575658079734;36;;
733575658091435;6;;
733575658092257;1;;
733575658103843;2;;
733575658109641;3;;
733575658136528;36;;
733575658148125;6;;
733575658149167;1;;
733575658160752;2;;
733575658166551;3;;
733575658207350;31;;
733575658219051;6;;
733575658219745;1;;
733575658231343;2;;
733575658237141;3;;
733575658282685;31;;
733575658294282;6;;
733575658294977;1;;
733575658306563;2;;
733575658312361;3;;
733575658325926;36;;
733575658337512;6;;
733575658338206;1;;
733575658349919;2;;
733575658355706;3;;
733575658377269;36;;
733575658388970;6;;
733575658390023;1;;
733575658401725;2;;
733575658407523;3;;
733575658431400;31;;
733575658443102;6;;
733575658443912;1;;
733575658455509;2;;
733575658461296;3;;
733575658502917;36;;
733575658514502;6;;
733575658515313;1;;
733575658527026;2;;
733575658532813;3;;
733575658551713;36;;
733575658563299;6;;
733575658564109;1;;
733575658575706;2;;
733575658581493;3;;
733575658602593;36;;
733575658614294;6;;
733575658615000;1;;
733575658626701;2;;
733575658632500;3;;
733575658651968;36;;
733575658663565;6;;
733575658664838;1;;
733575658676424;2;;
733575658682222;3;;
733575658714792;31;;
733575658726493;6;;
733575658727188;1;;
733575658738785;2;;
733575658744583;3;;
733575658762662;36;;
733575658774248;6;;
733575658775058;1;;
733575658786655;2;;
733575658792454;3;;
733575658833600;32;;
733575658845301;6;;
733575658846227;1;;
733575658857824;2;;
733575658863611;3;;
733575658895023;31;;
733575658906620;6;;
733575658907662;1;;
733575658919363;2;;
733575658925162;3;;
733575658949965;31;;
733575658961563;6;;
733575658962025;1;;
733575658973611;2;;
733575658979410;3;;
733575659002477;36;;
733575659014063;6;;
733575659015336;1;;
733575659026933;2;;
733575659032720;3;;
733575659048484;31;;
733575659060197;6;;
733575659061007;1;;
733575659072593;2;;
733575659078391;3;;
733575659099375;31;;
733575659110961;6;;
733575659111655;1;;
733575659123252;2;;
733575659129039;3;;
733575659144456;36;;
733575659156053;6;;
733575659156748;1;;
733575659168333;2;;
733575659174132;3;;
733575659201829;36;;
733575659213542;6;;
733575659214583;1;;
733575659226169;2;;
733575659231968;3;;
733575659257465;31;;
733575659269178;6;;
733575659269873;1;;
733575659281574;2;;
733575659287373;3;;
733575659321678;36;;
733575659333276;6;;
733575659334549;1;;
733575659346134;2;;
733575659351933;3;;
733575659364919;31;;
733575659376505;6;;
733575659377431;1;;
733575659389028;2;;
733575659394815;3;;
733575659413600;31;;
733575659425185;6;;
733575659425995;1;;
733575659437593;2;;
733575659443380;3;;
733575659456829;31;;
733575659468426;6;;
733575659469236;1;;
733575659480822;2;;
733575659486620;3;;
733575659498785;31;;
733575659510382;6;;
733575659511192;1;;
733575659522778;2;;
733575659528576;3;;
733575659543530;31;;
733575659555232;6;;
733575659556042;1;;
733575659567639;2;;
733575659573438;3;;
733575659585486;36;;
733575659597083;6;;
733575659597662;1;;
733575659609363;2;;
733575659615162;3;;
733575659631736;31;;
733575659643322;6;;
733575659644479;1;;
733575659656192;2;;
733575659661991;3;;
733575659672998;31;;
733575659684699;6;;
733575659685405;1;;
733575659696991;2;;
733575659702789;3;;
733575659715070;31;;
733575659726667;6;;
733575659727824;1;;
733575659739410;2;;
733575659745208;3;;
733575659755752;31;;
733575659767350;6;;
733575659768391;1;;
733575659779977;2;;
733575659785776;3;;
733575659798299;31;;
733575659809884;6;;
733575659811157;1;;
733575659822755;2;;
733575659828542;3;;
733575659838519;31;;
733575659850104;6;;
733575659850799;1;;
733575659862512;2;;
733575659868299;3;;
733575659876065;36;;
733575659887778;6;;
733575659888820;1;;
733575659900521;2;;
733575659906320;3;;
733575659914201;31;;
733575659925787;6;;
733575659926597;1;;
733575659938195;2;;
733575659943993;3;;
733575659951528;31;;
733575659963113;6;;
733575659963924;1;;
733575659975521;2;;
733575659981308;3;;
733575660000671;32;;
733575660012257;6;;
733575660013067;1;;
733575660024664;2;;
733575660030451;3;;
733575660049120;32;;
733575660060706;6;;
733575660061516;1;;
733575660073113;2;;
733575660078901;3;;
733575660093044;32;;
733575660104757;6;;
733575660105914;1;;
733575660117500;2;;
733575660123299;3;;
733575660135579;32;;
733575660147176;6;;
733575660148218;1;;
733575660159803;2;;
733575660165602;3;;
733575660177083;36;;
733575660188785;6;;
733575660189595;1;;
733575660201192;2;;
733575660206979;3;;
733575660215324;36;;
733575660227037;6;;
733575660227963;1;;
733575660239549;2;;
733575660245347;3;;
733575660255891;31;;
733575660267604;6;;
733575660268877;1;;
733575660280463;2;;
733575660286262;3;;
733575660296227;31;;
733575660307824;6;;
733575660308634;1;;
733575660320220;2;;
733575660326019;3;;
733575660337500;31;;
733575660349201;6;;
733575660349549;1;;
733575660361134;2;;
733575660366933;3;;
733575660378877;31;;
733575660390579;6;;
733575660391273;1;;
733575660402870;2;;
733575660408657;3;;
733575660419676;31;;
733575660431262;6;;
733575660432188;1;;
733575660443901;2;;
733575660449688;3;;
733575660464641;31;;
733575660476239;6;;
733575660477049;1;;
733575660488634;2;;
733575660494433;3;;
733575660510544;31;;
733575660522130;6;;
733575660522836;1;;
733575660534421;2;;
733575660540220;3;;
733575660564560;36;;
733575660576146;6;;
733575660576956;1;;
733575660588553;2;;
733575660594340;3;;
733575660605590;31;;
733575660617292;6;;
733575660618333;1;;
733575660629931;2;;
733575660635729;3;;
733575660648472;31;;
733575660660069;6;;
733575660660880;1;;
733575660672465;2;;
733575660678264;3;;
733575660693681;36;;
733575660705266;6;;
733575660705614;1;;
733575660717326;2;;
733575660723114;3;;
733575660735868;36;;
733575660747454;6;;
733575660748507;1;;
733575660760093;2;;
733575660765891;3;;
733575660773310;31;;
733575660784896;6;;
733575660785243;1;;
733575660796840;2;;
733575660802627;3;;
733575660813530;31;;
733575660825116;6;;
733575660825579;1;;
733575660837176;2;;
733575660842963;3;;
733575660853403;31;;
733575660864989;6;;
733575660865914;1;;
733575660877627;2;;
733575660883414;3;;
733575660892928;31;;
733575660904630;6;;
733575660905440;1;;
733575660917037;2;;
733575660922824;3;;
733575660937778;31;;
733575660949375;6;;
733575660950069;1;;
733575660961771;2;;
733575660967570;3;;
733575660979271;31;;
733575660990868;6;;
733575660991678;1;;
733575661003264;2;;
733575661009063;3;;
733575661019259;31;;
733575661030856;6;;
733575661031898;1;;
733575661043484;2;;
733575661049282;3;;
733575661061678;31;;
733575661073276;6;;
733575661074317;1;;
733575661085914;2;;
733575661091701;3;;
733575661096806;31;;
733575661108507;6;;
733575661109201;1;;
733575661120914;2;;
733575661126713;3;;
733575661139572;31;;
733575661151169;6;;
733575661152211;1;;
733575661163796;2;;
733575661169595;3;;
733575661184201;31;;
733575661195787;6;;
733575661196481;1;;
733575661208195;2;;
733575661213982;3;;
733575661224653;36;;
733575661236238;6;;
733575661236817;1;;
733575661248530;2;;
733575661254317;3;;
733575661267303;36;;
733575661278889;6;;
733575661279364;1;;
733575661290949;2;;
733575661296748;3;;
733575661311933;31;;
733575661323519;6;;
733575661324560;1;;
733575661336157;2;;
733575661341945;3;;
733575661357130;31;;
733575661368727;6;;
733575661369884;1;;
733575661381470;2;;
733575661387269;3;;
733575661397118;31;;
733575661408715;6;;
733575661409873;1;;
733575661421458;2;;
733575661427257;3;;
733575661438843;31;;
733575661450556;6;;
733575661451366;1;;
733575661462951;2;;
733575661468750;3;;
733575661481157;31;;
733575661492743;6;;
733575661493438;1;;
733575661505035;2;;
733575661510822;3;;
733575661520683;31;;
733575661532269;6;;
733575661533079;1;;
733575661544664;2;;
733575661550463;3;;
733575661561134;31;;
733575661572836;6;;
733575661573530;1;;
733575661585243;2;;
733575661591030;3;;
733575661603322;36;;
733575661614908;6;;
733575661616065;1;;
733575661627662;2;;
733575661633461;3;;
733575661658380;35;;
733575661670081;6;;
733575661671238;1;;
733575661682836;2;;
733575661688623;3;;
733575661711111;31;;
733575661722708;6;;
733575661723519;1;;
733575661735104;2;;
733575661740903;3;;
733575661752489;31;;
733575661764086;6;;
733575661764549;1;;
733575661776134;2;;
733575661781933;3;;
733575661791782;36;;
733575661803380;6;;
733575661804421;1;;
733575661816007;2;;
733575661821806;3;;
733575661834433;31;;
733575661846030;6;;
733575661847072;1;;
733575661858785;2;;
733575661864572;3;;
733575661876401;31;;
733575661887986;6;;
733575661889491;1;;
733575661901088;2;;
733575661906875;3;;
733575661920787;31;;
733575661932384;6;;
733575661933195;1;;
733575661944780;2;;
733575661950579;3;;
733575661961817;31;;
733575661973414;6;;
733575661974456;1;;
733575661986042;2;;
733575661991840;3;;
733575662002153;31;;
733575662013866;6;;
733575662014560;1;;
733575662026262;2;;
733575662032060;3;;
733575662049560;36;;
733575662061157;6;;
733575662061968;1;;
733575662073553;2;;
733575662079352;3;;
733575662092107;36;;
733575662103692;6;;
733575662104502;1;;
733575662116088;2;;
733575662121887;3;;
733575662133021;31;;
733575662144722;6;;
733575662145532;1;;
733575662157130;2;;
733575662162917;3;;
733575662171840;31;;
733575662183438;6;;
733575662184132;1;;
733575662195833;2;;
733575662201632;3;;
733575662221343;31;;
733575662232928;6;;
733575662233623;1;;
733575662245220;2;;
733575662251007;3;;
733575662260741;31;;
733575662272454;6;;
733575662273611;1;;
733575662285197;2;;
733575662290995;3;;
733575662306759;31;;
733575662318357;6;;
733575662318704;1;;
733575662330405;2;;
733575662336204;3;;
733575662377813;31;;
733575662389398;6;;
733575662390220;1;;
733575662401806;2;;
733575662407604;3;;
733575662434028;36;;
733575662445613;6;;
733575662446783;1;;
733575662458368;2;;
733575662464167;3;;
733575662494884;31;;
733575662506586;6;;
733575662507049;1;;
733575662518646;2;;
733575662524433;3;;
733575662541701;36;;
733575662553299;6;;
733575662554109;1;;
733575662565694;2;;
733575662571493;3;;
733575662586678;31;;
733575662598380;6;;
733575662599074;1;;
733575662610671;2;;
733575662616470;3;;
733575662629213;31;;
733575662640810;6;;
733575662642083;1;;
733575662653669;2;;
733575662659468;3;;
733575662671285;31;;
733575662682882;6;;
733575662682882;66;;
