733216672478345;0;1,2,200,v3;
733216673111898;55;;
733216673127882;1;;
733216673139479;2;;
733216673145278;3;;
733216673190243;31;;
733216673201840;6;;
733216673202651;1;;
733216673214236;2;;
733216673220035;3;;
733216673264653;32;;
733216673276366;6;;
733216673277407;1;;
733216673289005;2;;
733216673294792;3;;
733216673318438;31;;
733216673330150;6;;
733216673330845;1;;
733216673342431;2;;
733216673348229;3;;
733216673364919;31;;
733216673376620;6;;
733216673377199;1;;
733216673388912;2;;
733216673394711;3;;
733216673432836;35;;
733216673444433;6;;
733216673445127;1;;
733216673456829;2;;
733216673462627;3;;
733216673499375;36;;
733216673511076;6;;
733216673512234;1;;
733216673523831;2;;
733216673529618;3;;
733216673560567;36;;
733216673572280;6;;
733216673573090;1;;
733216673584676;2;;
733216673590475;3;;
733216673649352;33;;
733216673660949;6;;
733216673661759;1;;
733216673673461;2;;
733216673679259;3;;
733216673713681;35;;
733216673725278;6;;
733216673726088;1;;
733216673737674;2;;
733216673743472;3;;
733216673764109;35;;
733216673775695;6;;
733216673776389;1;;
733216673788102;2;;
733216673793889;3;;
733216673816146;34;;
733216673827847;6;;
733216673829248;1;;
733216673840833;2;;
733216673846632;3;;
733216673880359;32;;
733216673891945;6;;
733216673892651;1;;
733216673904236;2;;
733216673910035;3;;
733216673978646;33;;
733216673990243;6;;
733216673991053;1;;
733216674002639;2;;
733216674008438;3;;
733216674048310;32;;
733216674059896;6;;
733216674060706;1;;
733216674072419;2;;
733216674078218;3;;
733216674118090;32;;
733216674129676;6;;
733216674130718;1;;
733216674142315;2;;
733216674148102;3;;
733216674164445;31;;
733216674176158;6;;
733216674176620;1;;
733216674188206;2;;
733216674194005;3;;
733216674248947;31;;
733216674260532;6;;
733216674261458;1;;
733216674273171;2;;
733216674278958;3;;
733216674329850;31;;
733216674341435;6;;
733216674342245;1;;
733216674353843;2;;
733216674359641;3;;
733216674399745;35;;
733216674411331;6;;
733216674412026;1;;
733216674423611;2;;
733216674429410;3;;
733216674449815;36;;
733216674461516;6;;
733216674462211;1;;
733216674473808;2;;
733216674479595;3;;
733216674594699;34;;
733216674606285;6;;
733216674610347;1;;
733216674621933;2;;
733216674627732;3;;
733216674656701;32;;
733216674668414;6;;
733216674669225;1;;
733216674680810;2;;
733216674686609;3;;
733216674702836;32;;
733216674714549;6;;
733216674715822;1;;
733216674727523;2;;
733216674733322;3;;
733216674746076;31;;
733216674757662;6;;
733216674758588;1;;
733216674770185;2;;
733216674775972;3;;
733216674792315;32;;
733216674803912;6;;
733216674804722;1;;
733216674816308;2;;
733216674822107;3;;
733216674966991;32;;
733216674978576;6;;
733216674979282;1;;
733216674990868;2;;
733216674996667;3;;
733216675011505;31;;
733216675023206;6;;
733216675024016;1;;
733216675035602;2;;
733216675041401;3;;
733216675059479;32;;
733216675071076;6;;
733216675071887;1;;
733216675083472;2;;
733216675089271;3;;
733216675123114;36;;
733216675134711;6;;
733216675135289;1;;
733216675146875;2;;
733216675152674;3;;
733216675201817;32;;
733216675213414;6;;
733216675214688;1;;
733216675226273;2;;
733216675232072;3;;
733216675285741;32;;
733216675297326;6;;
733216675298021;1;;
733216675309618;2;;
733216675315405;3;;
733216675339977;32;;
733216675351574;6;;
733216675352732;1;;
733216675364317;2;;
733216675370116;3;;
733216675393183;32;;
733216675404769;6;;
733216675405810;1;;
733216675417523;2;;
733216675423322;3;;
733216675437685;32;;
733216675449282;6;;
733216675450440;1;;
733216675462141;2;;
733216675467940;3;;
733216675489039;32;;
733216675500625;6;;
733216675501435;1;;
733216675513032;2;;
733216675518831;3;;
733216675537951;36;;
733216675549537;6;;
733216675550938;1;;
733216675562523;2;;
733216675568322;3;;
733216675652002;32;;
733216675663715;6;;
733216675664526;1;;
733216675676111;2;;
733216675681910;3;;
733216675699410;36;;
733216675710995;6;;
733216675711817;1;;
733216675723403;2;;
733216675729201;3;;
733216675751563;35;;
733216675763160;6;;
733216675763970;1;;
733216675775556;2;;
733216675781354;3;;
733216675802454;32;;
733216675814039;6;;
733216675814850;1;;
733216675826447;2;;
733216675832234;3;;
733216675871644;32;;
733216675883241;6;;
733216675884398;1;;
733216675895984;2;;
733216675901782;3;;
733216675915463;32;;
733216675927049;6;;
733216675928090;1;;
733216675939688;2;;
733216675945486;3;;
733216675973299;32;;
733216675984884;6;;
733216675985706;1;;
733216675997292;2;;
733216676003090;3;;
733216676014097;36;;
733216676025695;6;;
733216676026620;1;;
733216676038206;2;;
733216676044005;3;;
733216676095694;32;;
733216676107292;6;;
733216676109259;1;;
733216676120845;2;;
733216676126644;3;;
733216676138357;32;;
733216676149942;6;;
733216676150752;1;;
733216676162338;2;;
733216676168137;3;;
733216676182396;32;;
733216676193981;6;;
733216676194329;1;;
733216676205926;2;;
733216676211725;3;;
733216676228646;36;;
733216676240232;6;;
733216676240926;1;;
733216676252523;2;;
733216676258310;3;;
733216676329248;32;;
733216676340961;6;;
733216676342002;1;;
733216676353588;2;;
733216676359387;3;;
733216676376655;31;;
733216676388368;6;;
733216676389063;1;;
733216676400764;2;;
733216676406563;3;;
733216676421748;36;;
733216676433333;6;;
733216676434028;1;;
733216676445625;2;;
733216676451412;3;;
733216676493148;31;;
733216676504734;6;;
733216676505544;1;;
733216676517141;2;;
733216676522928;3;;
733216676551794;32;;
733216676563380;6;;
733216676564537;1;;
733216676576250;2;;
733216676582049;3;;
733216676601516;32;;
733216676613102;6;;
733216676613924;1;;
733216676625509;2;;
733216676631308;3;;
733216676647882;32;;
733216676659468;6;;
733216676659815;1;;
733216676671528;2;;
733216676677315;3;;
733216676707917;35;;
733216676719514;6;;
733216676720556;1;;
733216676732141;2;;
733216676737940;3;;
733216676758808;32;;
733216676770394;6;;
733216676770741;1;;
733216676782338;2;;
733216676788125;3;;
733216676825104;35;;
733216676836690;6;;
733216676837153;1;;
733216676848866;2;;
733216676854653;3;;
733216676871123;32;;
733216676882708;6;;
733216676883750;1;;
733216676895347;2;;
733216676901134;3;;
733216676941123;32;;
733216676952836;6;;
733216676953646;1;;
733216676965231;2;;
733216676971030;3;;
733216676992593;32;;
733216677004178;6;;
733216677004873;1;;
733216677016586;2;;
733216677022373;3;;
733216677037905;32;;
733216677049618;6;;
733216677050428;1;;
733216677062014;2;;
733216677067813;3;;
733216677083924;32;;
733216677095509;6;;
733216677096563;1;;
733216677108148;2;;
733216677113947;3;;
733216677135961;31;;
733216677147674;6;;
733216677148715;1;;
733216677160301;2;;
733216677166100;3;;
733216677183021;31;;
733216677194734;6;;
733216677195428;1;;
733216677207130;2;;
733216677212928;3;;
733216677227650;32;;
733216677239352;6;;
733216677240509;1;;
733216677252107;2;;
733216677257905;3;;
733216677285949;32;;
733216677297546;6;;
733216677298356;1;;
733216677309942;2;;
733216677315741;3;;
733216677339502;36;;
733216677351088;6;;
733216677351783;1;;
733216677363380;2;;
733216677369167;3;;
733216677393854;36;;
733216677405567;6;;
733216677406030;1;;
733216677417616;2;;
733216677423414;3;;
733216677464213;32;;
733216677475810;6;;
733216677476736;1;;
733216677488322;2;;
733216677494120;3;;
733216677542107;31;;
733216677553692;6;;
733216677554850;1;;
733216677566447;2;;
733216677572245;3;;
733216677602373;31;;
733216677614086;6;;
733216677615243;1;;
733216677626829;2;;
733216677632627;3;;
733216677645845;31;;
733216677657431;6;;
733216677658241;1;;
733216677669838;2;;
733216677675625;3;;
733216677696840;32;;
733216677708438;6;;
733216677709132;1;;
733216677720718;2;;
733216677726516;3;;
733216677750625;32;;
733216677762211;6;;
733216677763021;1;;
733216677774618;2;;
733216677780417;3;;
733216677794549;32;;
733216677806262;6;;
733216677807072;1;;
733216677818657;2;;
733216677824456;3;;
733216677851458;31;;
733216677863056;6;;
733216677864213;1;;
733216677875799;2;;
733216677881597;3;;
733216677910463;32;;
733216677922164;6;;
733216677923438;1;;
733216677935035;2;;
733216677940822;3;;
733216677959491;32;;
733216677971076;6;;
733216677971887;1;;
733216677983484;2;;
733216677989271;3;;
733216678001678;32;;
733216678013380;6;;
733216678013854;1;;
733216678025440;2;;
733216678031238;3;;
733216678061366;32;;
733216678072963;6;;
733216678074005;1;;
733216678085590;2;;
733216678091389;3;;
733216678104954;32;;
733216678116539;6;;
733216678117697;1;;
733216678129294;2;;
733216678135093;3;;
733216678154445;32;;
733216678166146;6;;
733216678167546;1;;
733216678179132;2;;
733216678184931;3;;
733216678200116;31;;
733216678211701;6;;
733216678212512;1;;
733216678224109;2;;
733216678229896;3;;
733216678260961;32;;
733216678272558;6;;
733216678273715;1;;
733216678285301;2;;
733216678291100;3;;
733216678302338;31;;
733216678314051;6;;
733216678314745;1;;
733216678326447;2;;
733216678332245;3;;
733216678395880;33;;
733216678407465;6;;
733216678408287;1;;
733216678419873;2;;
733216678425671;3;;
733216678452095;33;;
733216678463681;6;;
733216678464259;1;;
733216678475856;2;;
733216678481655;3;;
733216678502164;33;;
733216678513762;6;;
733216678514572;1;;
733216678526157;2;;
733216678531956;3;;
733216678584225;33;;
733216678595822;6;;
733216678596632;1;;
733216678608218;2;;
733216678614016;3;;
733216678641840;34;;
733216678653426;6;;
733216678654120;1;;
733216678665833;2;;
733216678671620;3;;
733216678716134;33;;
733216678727720;6;;
733216678728762;1;;
733216678740475;2;;
733216678746273;3;;
733216678767940;32;;
733216678779653;6;;
733216678780232;1;;
733216678791933;2;;
733216678797732;3;;
733216678814884;31;;
733216678826586;6;;
733216678827407;1;;
733216678838993;2;;
733216678844792;3;;
733216678863333;31;;
733216678875035;6;;
733216678876204;1;;
733216678887789;2;;
733216678893588;3;;
733216678922095;31;;
733216678933808;6;;
733216678934271;1;;
733216678945857;2;;
733216678951655;3;;
733216678987824;36;;
733216678999410;6;;
733216679000220;1;;
733216679011806;2;;
733216679017604;3;;
733216679090278;32;;
733216679101991;6;;
733216679102685;1;;
733216679114271;2;;
733216679120070;3;;
733216679152523;35;;
733216679164109;6;;
733216679165162;1;;
733216679176748;2;;
733216679182546;3;;
733216679295787;32;;
733216679307373;6;;
733216679307373;66;;
