736746665525104;0;3,2,200,0,v5;
736746665730671;55;;
736746665743218;1;;
736746665766516;2;;
736746665773287;3;;
736746665797743;31;;
736746665809456;6;;
736746665810255;1;;
736746665833461;2;;
736746665839711;3;;
736746665849884;31;;
736746665861539;6;;
736746665862199;1;;
736746665885451;2;;
736746665891690;3;;
736746665895081;36;;
736746665906736;6;;
736746665907512;1;;
736746665930787;2;;
736746665937026;3;;
736746665940567;31;;
736746665952199;6;;
736746665952951;1;;
736746665976157;2;;
736746665982396;3;;
736746665986887;31;;
736746665998542;6;;
736746665999155;1;;
736746666022373;2;;
736746666028600;3;;
736746666032720;36;;
736746666044363;6;;
736746666045035;1;;
736746666068241;2;;
736746666074479;3;;
736746666079965;36;;
736746666091609;6;;
736746666092292;1;;
736746666115521;2;;
736746666121759;3;;
736746666129225;31;;
736746666140857;6;;
736746666141493;1;;
736746666164699;2;;
736746666170938;3;;
736746666176192;36;;
736746666187824;6;;
736746666188484;1;;
736746666211690;2;;
736746666217905;3;;
736746666226065;31;;
736746666237697;6;;
736746666238310;1;;
736746666261516;2;;
736746666267743;3;;
736746666276377;32;;
736746666288032;6;;
736746666288658;1;;
736746666311864;2;;
736746666318102;3;;
736746666324178;36;;
736746666335822;6;;
736746666336470;1;;
736746666359688;2;;
736746666365938;3;;
736746666373982;31;;
736746666385613;6;;
736746666386331;1;;
736746666410197;2;;
736746666416435;3;;
736746666437789;34;;
736746666449433;6;;
736746666450035;1;;
736746666473252;2;;
736746666479491;3;;
736746666484410;36;;
736746666496042;6;;
736746666496667;1;;
736746666519873;2;;
736746666526007;3;;
736746666530914;36;;
736746666542558;6;;
736746666543287;1;;
736746666566690;2;;
736746666572951;3;;
736746666577975;31;;
736746666589606;6;;
736746666590197;1;;
736746666613438;2;;
736746666619722;3;;
736746666624641;36;;
736746666636273;6;;
736746666636991;1;;
736746666660266;2;;
736746666666505;3;;
736746666693067;31;;
736746666704711;6;;
736746666705463;1;;
736746666728704;2;;
736746666734931;3;;
736746666739595;31;;
736746666751250;6;;
736746666751863;1;;
736746666775069;2;;
736746666781296;3;;
736746666786343;36;;
736746666797986;6;;
736746666798738;1;;
736746666821956;2;;
736746666828206;3;;
736746666831597;31;;
736746666843252;6;;
736746666843993;1;;
736746666867199;2;;
736746666873438;3;;
736746666877535;31;;
736746666889167;6;;
736746666889745;1;;
736746666912951;2;;
736746666919213;3;;
736746666932708;35;;
736746666944352;6;;
736746666945035;1;;
736746666968229;2;;
736746666974468;3;;
736746666978333;36;;
736746666989965;6;;
736746666990671;1;;
736746667013889;2;;
736746667020069;3;;
736746667036921;31;;
736746667048565;6;;
736746667049190;1;;
736746667072396;2;;
736746667078646;3;;
736746667083206;36;;
736746667094838;6;;
736746667095405;1;;
736746667118611;2;;
736746667124838;3;;
736746667130544;36;;
736746667142188;6;;
736746667142732;1;;
736746667165961;2;;
736746667172199;3;;
736746667185903;34;;
736746667197546;6;;
736746667198137;1;;
736746667221354;2;;
736746667227465;3;;
736746667231794;36;;
736746667243438;6;;
736746667244028;1;;
736746667267257;2;;
736746667273495;3;;
736746667277581;36;;
736746667289213;6;;
736746667289769;1;;
736746667312986;2;;
736746667319225;3;;
736746667323090;36;;
736746667334722;6;;
736746667335382;1;;
736746667358600;2;;
736746667364838;3;;
736746667368484;36;;
736746667380139;6;;
736746667380833;1;;
736746667404063;2;;
736746667410289;3;;
736746667412546;36;;
736746667424178;6;;
736746667424826;1;;
736746667448044;2;;
736746667454271;3;;
736746667456516;36;;
736746667468160;6;;
736746667468901;1;;
736746667492176;2;;
736746667498426;3;;
736746667501701;31;;
736746667513345;6;;
736746667513912;1;;
736746667537130;2;;
736746667543368;3;;
736746667546667;36;;
736746667558310;6;;
736746667559005;1;;
736746667582211;2;;
736746667588507;3;;
736746667595035;32;;
736746667606667;6;;
736746667607396;1;;
736746667630613;2;;
736746667636852;3;;
736746667640150;36;;
736746667651794;6;;
736746667652188;1;;
736746667675394;2;;
736746667681655;3;;
736746667686806;36;;
736746667698438;6;;
736746667699201;1;;
736746667722419;2;;
736746667728669;3;;
736746667731852;31;;
736746667743484;6;;
736746667744132;1;;
736746667767350;2;;
736746667773588;3;;
736746667775729;36;;
736746667787373;6;;
736746667787894;1;;
736746667811111;2;;
736746667817303;3;;
736746667837847;35;;
736746667849502;6;;
736746667850116;1;;
736746667873333;2;;
736746667879572;3;;
736746667883218;36;;
736746667894861;6;;
736746667895602;1;;
736746667918820;2;;
736746667925058;3;;
736746667928924;36;;
736746667940567;6;;
736746667941331;1;;
736746667964560;2;;
736746667970787;3;;
736746667978947;31;;
736746667990579;6;;
736746667991192;1;;
736746668014421;2;;
736746668020637;3;;
736746668022303;36;;
736746668033947;6;;
736746668034549;1;;
736746668057755;2;;
736746668063993;3;;
736746668065775;32;;
736746668077419;6;;
736746668078137;1;;
736746668101343;2;;
736746668107570;3;;
736746668112465;31;;
736746668124097;6;;
736746668124722;1;;
736746668147940;2;;
736746668154132;3;;
736746668158229;36;;
736746668169861;6;;
736746668170498;1;;
736746668193727;2;;
736746668199954;3;;
736746668204630;36;;
736746668216273;6;;
736746668216956;1;;
736746668240174;2;;
736746668246412;3;;
736746668249016;32;;
736746668260648;6;;
736746668261366;1;;
736746668284572;2;;
736746668290833;3;;
736746668294931;31;;
736746668306586;6;;
736746668307164;1;;
736746668330370;2;;
736746668336620;3;;
736746668338519;36;;
736746668350151;6;;
736746668350718;1;;
736746668373982;2;;
736746668380174;3;;
736746668383114;36;;
736746668394745;6;;
736746668395417;1;;
736746668418704;2;;
736746668424942;3;;
736746668449526;33;;
736746668461169;6;;
736746668461933;1;;
736746668485139;2;;
736746668491366;3;;
736746668499410;31;;
736746668511042;6;;
736746668511690;1;;
736746668534907;2;;
736746668541146;3;;
736746668545127;31;;
736746668556771;6;;
736746668557431;1;;
736746668580637;2;;
736746668586864;3;;
736746668590035;31;;
736746668601678;6;;
736746668602442;1;;
736746668625648;2;;
736746668631887;3;;
736746668639109;31;;
736746668650752;6;;
736746668651424;1;;
736746668674653;2;;
736746668680868;3;;
736746668684711;36;;
736746668696354;6;;
736746668697107;1;;
736746668720313;2;;
736746668726551;3;;
736746668729850;31;;
736746668741482;6;;
736746668742130;1;;
736746668765336;2;;
736746668771597;3;;
736746668809259;32;;
736746668820903;6;;
736746668821586;1;;
736746668844792;2;;
736746668851007;3;;
736746668860544;34;;
736746668872199;6;;
736746668872998;1;;
736746668896215;2;;
736746668902488;3;;
736746668916123;31;;
736746668927766;6;;
736746668928380;1;;
736746668951586;2;;
736746668957813;3;;
736746668959155;36;;
736746668970787;6;;
736746668971447;1;;
736746668994722;2;;
736746669000972;3;;
736746669006470;34;;
736746669018102;6;;
736746669018820;1;;
736746669042060;2;;
736746669048287;3;;
736746669051933;31;;
736746669063565;6;;
736746669064236;1;;
736746669087442;2;;
736746669093681;3;;
736746669097998;36;;
736746669109641;6;;
736746669110139;1;;
736746669133368;2;;
736746669139630;3;;
736746669143264;34;;
736746669154908;6;;
736746669155648;1;;
736746669178866;2;;
736746669185093;3;;
736746669187465;36;;
736746669199097;6;;
736746669199745;1;;
736746669222951;2;;
736746669229201;3;;
736746669237477;32;;
736746669249120;6;;
736746669250000;1;;
736746669273206;2;;
736746669279433;3;;
736746669282384;31;;
736746669294016;6;;
736746669294757;1;;
736746669317963;2;;
736746669324248;3;;
736746669327651;31;;
736746669339294;6;;
736746669339838;1;;
736746669363056;2;;
736746669369294;3;;
736746669383692;35;;
736746669395324;6;;
736746669396111;1;;
736746669419317;2;;
736746669425556;3;;
736746669428252;31;;
736746669439896;6;;
736746669440521;1;;
736746669463808;2;;
736746669470046;3;;
736746669473333;36;;
736746669484965;6;;
736746669485509;1;;
736746669508715;2;;
736746669514931;3;;
736746669521215;36;;
736746669532859;6;;
736746669533565;1;;
736746669556771;2;;
736746669562998;3;;
736746669568600;31;;
736746669580255;6;;
736746669580891;1;;
736746669604167;2;;
736746669610394;3;;
736746669623623;33;;
736746669635278;6;;
736746669635891;1;;
736746669659097;2;;
736746669665382;3;;
736746669685232;31;;
736746669696875;6;;
736746669697651;1;;
736746669720857;2;;
736746669727095;3;;
736746669731875;32;;
736746669743519;6;;
736746669744155;1;;
736746669767361;2;;
736746669773600;3;;
736746669777685;36;;
736746669789329;6;;
736746669790023;1;;
736746669813241;2;;
736746669819479;3;;
736746669823704;31;;
736746669835336;6;;
736746669835891;1;;
736746669859109;2;;
736746669865336;3;;
736746669869664;36;;
736746669881308;6;;
736746669881991;1;;
736746669905197;2;;
736746669911435;3;;
736746669948194;34;;
736746669959838;6;;
736746669960590;1;;
736746669983808;2;;
736746669990035;3;;
736746669998310;31;;
736746670009954;6;;
736746670010556;1;;
736746670033762;2;;
736746670039977;3;;
736746670043854;36;;
736746670055498;6;;
736746670056007;1;;
736746670079213;2;;
736746670085440;3;;
736746670089549;36;;
736746670101181;6;;
736746670101806;1;;
736746670125012;2;;
736746670131250;3;;
736746670137894;35;;
736746670149526;6;;
736746670150046;1;;
736746670173264;2;;
736746670179514;3;;
736746670185475;36;;
736746670197130;6;;
736746670197720;1;;
736746670220926;2;;
736746670227130;3;;
736746670229931;36;;
736746670241574;6;;
736746670242176;1;;
736746670265405;2;;
736746670271632;3;;
736746670275625;36;;
736746670287269;6;;
736746670287905;1;;
736746670311111;2;;
736746670317350;3;;
736746670321215;36;;
736746670332859;6;;
736746670333542;1;;
736746670356817;2;;
736746670363044;3;;
736746670367604;31;;
736746670379236;6;;
736746670379861;1;;
736746670403137;2;;
736746670409375;3;;
736746670413368;36;;
736746670425012;6;;
736746670425764;1;;
736746670448982;2;;
736746670455208;3;;
736746670480718;32;;
736746670492361;6;;
736746670492986;1;;
736746670516204;2;;
736746670522442;3;;
736746670525961;36;;
736746670537604;6;;
736746670538148;1;;
736746670561366;2;;
736746670567616;3;;
736746670577616;34;;
736746670589271;6;;
736746670590000;1;;
736746670613206;2;;
736746670619433;3;;
736746670623299;31;;
736746670634942;6;;
736746670634954;66;;
