736637486591505;0;3,2,200,0,v5;
736637487278218;55;;
736637487290671;1;;
736637487314005;2;;
736637487320174;3;;
736637487356192;31;;
736637487367824;6;;
736637487368785;1;;
736637487392118;2;;
736637487398299;3;;
736637487428391;35;;
736637487440151;6;;
736637487440544;1;;
736637487463877;2;;
736637487470046;3;;
736637487490787;32;;
736637487502454;6;;
736637487503229;1;;
736637487526563;2;;
736637487532743;3;;
736637487542998;31;;
736637487554734;6;;
736637487555301;1;;
736637487578646;2;;
736637487584815;3;;
736637487592627;31;;
736637487604306;6;;
736637487604688;1;;
736637487628021;2;;
736637487634201;3;;
736637487652245;36;;
736637487663901;6;;
736637487664479;1;;
736637487687813;2;;
736637487693993;3;;
736637487704086;36;;
736637487715787;6;;
736637487716169;1;;
736637487739502;2;;
736637487745683;3;;
736637487752604;31;;
736637487764201;6;;
736637487764583;1;;
736637487787917;2;;
736637487794097;3;;
736637487812234;32;;
736637487823993;6;;
736637487824375;1;;
736637487847708;2;;
736637487854086;3;;
736637487867963;31;;
736637487879560;6;;
736637487880116;1;;
736637487903461;2;;
736637487909630;3;;
736637487921285;31;;
736637487932975;6;;
736637487933356;1;;
736637487956690;2;;
736637487963067;3;;
736637487966655;36;;
736637487978299;6;;
736637487978877;1;;
736637488002211;2;;
736637488008588;3;;
736637488027014;34;;
736637488038681;6;;
736637488039248;1;;
736637488062593;2;;
736637488068762;3;;
736637488116632;34;;
736637488128368;6;;
736637488128750;1;;
736637488152083;2;;
736637488158252;3;;
736637488217188;34;;
736637488228866;6;;
736637488229236;1;;
736637488252581;2;;
736637488258750;3;;
736637488274028;33;;
736637488285764;6;;
736637488286910;1;;
736637488310255;2;;
736637488316424;3;;
736637488321794;31;;
736637488333403;6;;
736637488333785;1;;
736637488357118;2;;
736637488363299;3;;
736637488415683;34;;
736637488427338;6;;
736637488427720;1;;
736637488451053;2;;
736637488457234;3;;
736637488467523;31;;
736637488479225;6;;
736637488479792;1;;
736637488503137;2;;
736637488509306;3;;
736637488524745;31;;
736637488536505;6;;
736637488536887;1;;
736637488560232;2;;
736637488566401;3;;
736637488573438;31;;
736637488585116;6;;
736637488585891;1;;
736637488609225;2;;
736637488615394;3;;
736637488623056;31;;
736637488634688;6;;
736637488635451;1;;
736637488658796;2;;
736637488664965;3;;
736637488670648;31;;
736637488682326;6;;
736637488683102;1;;
736637488706435;2;;
736637488712604;3;;
736637488719340;31;;
736637488730938;6;;
736637488731516;1;;
736637488754850;2;;
736637488761019;3;;
736637488811007;32;;
736637488822755;6;;
736637488823333;1;;
736637488846655;2;;
736637488852836;3;;
736637488856921;31;;
736637488868657;6;;
736637488869039;1;;
736637488892373;2;;
736637488898542;3;;
736637488906169;36;;
736637488917847;6;;
736637488918218;1;;
736637488941563;2;;
736637488947743;3;;
736637488984132;36;;
736637488995764;6;;
736637488996146;1;;
736637489019479;2;;
736637489025845;3;;
736637489036713;33;;
736637489048426;6;;
736637489048808;1;;
736637489072141;2;;
736637489078322;3;;
736637489094861;34;;
736637489106481;6;;
736637489106863;1;;
736637489130197;2;;
736637489136377;3;;
736637489178924;31;;
736637489190579;6;;
736637489190961;1;;
736637489214294;2;;
736637489220475;3;;
736637489251701;36;;
736637489263299;6;;
736637489263877;1;;
736637489287211;2;;
736637489293380;3;;
736637489297801;31;;
736637489309398;6;;
736637489309977;1;;
736637489333310;2;;
736637489339479;3;;
736637489357234;36;;
736637489368993;6;;
736637489369375;1;;
736637489392720;2;;
736637489398889;3;;
736637489427419;36;;
736637489439016;6;;
736637489440162;1;;
736637489463507;2;;
736637489469676;3;;
736637489478333;31;;
736637489489931;6;;
736637489490313;1;;
736637489513657;2;;
736637489519826;3;;
736637489528333;31;;
736637489540093;6;;
736637489540857;1;;
736637489564190;2;;
736637489570370;3;;
736637489582581;31;;
736637489594282;6;;
736637489594861;1;;
736637489618194;2;;
736637489624363;3;;
736637489629236;31;;
736637489640972;6;;
736637489641343;1;;
736637489664676;2;;
736637489670857;3;;
736637489681262;35;;
736637489693033;6;;
736637489693611;1;;
736637489716956;2;;
736637489723125;3;;
736637489726817;31;;
736637489738565;6;;
736637489738947;1;;
736637489762280;2;;
736637489768461;3;;
736637489776991;31;;
736637489788715;6;;
736637489789097;1;;
736637489812431;2;;
736637489818600;3;;
736637489869028;35;;
736637489880718;6;;
736637489881100;1;;
736637489904433;2;;
736637489910613;3;;
736637489918831;36;;
736637489930486;6;;
736637489931053;1;;
736637489954398;2;;
736637489960567;3;;
736637489964942;31;;
736637489976574;6;;
736637489977153;1;;
736637490000498;2;;
736637490006667;3;;
736637490010857;31;;
736637490022488;6;;
736637490022870;1;;
736637490046204;2;;
736637490052384;3;;
736637490071030;31;;
736637490082662;6;;
736637490083241;1;;
736637490106574;2;;
736637490112766;3;;
736637490126030;31;;
736637490137639;6;;
736637490138218;1;;
736637490161551;2;;
736637490167732;3;;
736637490175833;31;;
736637490187593;6;;
736637490187975;1;;
736637490211319;2;;
736637490217488;3;;
736637490224896;31;;
736637490236586;6;;
736637490236968;1;;
736637490260301;2;;
736637490266482;3;;
736637490275266;31;;
736637490286933;6;;
736637490287500;1;;
736637490310845;2;;
736637490317014;3;;
736637490322292;31;;
736637490333993;6;;
736637490334572;1;;
736637490357905;2;;
736637490364271;3;;
736637490369132;31;;
736637490380868;6;;
736637490381250;1;;
736637490404583;2;;
736637490410752;3;;
736637490420428;32;;
736637490432176;6;;
736637490432558;1;;
736637490455891;2;;
736637490462072;3;;
736637490465972;31;;
736637490477685;6;;
736637490478079;1;;
736637490501412;2;;
736637490507593;3;;
736637490512442;31;;
736637490524178;6;;
736637490524757;1;;
736637490548090;2;;
736637490554259;3;;
736637490560579;31;;
736637490572211;6;;
736637490572778;1;;
736637490596123;2;;
736637490602292;3;;
736637490606875;31;;
736637490618495;6;;
736637490619074;1;;
736637490642408;2;;
736637490648588;3;;
736637490660197;31;;
736637490671921;6;;
736637490672500;1;;
736637490695833;2;;
736637490702014;3;;
736637490705197;31;;
736637490716863;6;;
736637490717257;1;;
736637490740590;2;;
736637490746759;3;;
736637490750556;31;;
736637490762199;6;;
736637490762778;1;;
736637490786111;2;;
736637490792280;3;;
736637490795174;31;;
736637490806944;6;;
736637490807326;1;;
736637490830660;2;;
736637490836840;3;;
736637490840729;31;;
736637490852465;6;;
736637490853044;1;;
736637490876377;2;;
736637490882546;3;;
736637490887014;31;;
736637490898762;6;;
736637490899329;1;;
736637490922674;2;;
736637490928843;3;;
736637490960891;33;;
736637490972639;6;;
736637490973021;1;;
736637490996354;2;;
736637491002523;3;;
736637491020336;36;;
736637491032037;6;;
736637491032813;1;;
736637491056146;2;;
736637491062326;3;;
736637491081435;34;;
736637491093183;6;;
736637491093565;1;;
736637491116910;2;;
736637491123079;3;;
736637491128276;31;;
736637491140058;6;;
736637491140440;1;;
736637491163773;2;;
736637491169954;3;;
736637491175683;31;;
736637491187315;6;;
736637491187894;1;;
736637491211227;2;;
736637491217396;3;;
736637491224005;31;;
736637491235729;6;;
736637491236296;1;;
736637491259641;2;;
736637491265810;3;;
736637491274931;31;;
736637491286644;6;;
736637491287026;1;;
736637491310370;2;;
736637491316539;3;;
736637491326030;31;;
736637491337766;6;;
736637491338333;1;;
736637491361678;2;;
736637491367847;3;;
736637491394167;34;;
736637491405845;6;;
736637491406424;1;;
736637491429757;2;;
736637491436134;3;;
736637491443982;31;;
736637491455613;6;;
736637491455995;1;;
736637491479329;2;;
736637491485509;3;;
736637491568044;34;;
736637491579641;6;;
736637491580220;1;;
736637491603553;2;;
736637491609722;3;;
736637491617662;31;;
736637491629398;6;;
736637491629780;1;;
736637491653125;2;;
736637491659294;3;;
736637491666551;31;;
736637491678206;6;;
736637491678588;1;;
736637491701921;2;;
736637491708102;3;;
736637491751539;33;;
736637491763264;6;;
736637491763843;1;;
736637491787176;2;;
736637491793357;3;;
736637491800046;31;;
736637491811678;6;;
736637491812060;1;;
736637491835405;2;;
736637491841574;3;;
736637491851713;36;;
736637491863368;6;;
736637491863750;1;;
736637491887095;2;;
736637491893264;3;;
736637491900220;36;;
736637491911979;6;;
736637491912743;1;;
736637491936088;2;;
736637491942257;3;;
736637491955579;31;;
736637491967338;6;;
736637491967720;1;;
736637491991053;2;;
736637491997222;3;;
736637492002060;36;;
736637492013831;6;;
736637492014398;1;;
736637492037732;2;;
736637492043900;3;;
736637492047234;31;;
736637492058958;6;;
736637492059340;1;;
736637492082674;2;;
736637492088854;3;;
736637492093345;31;;
736637492105058;6;;
736637492105625;1;;
736637492128970;2;;
736637492135139;3;;
736637492144074;31;;
736637492155787;6;;
736637492156169;1;;
736637492179502;2;;
736637492185683;3;;
736637492191285;31;;
736637492203032;6;;
736637492203426;1;;
736637492226759;2;;
736637492232928;3;;
736637492238137;31;;
736637492249908;6;;
736637492250289;1;;
736637492273634;2;;
736637492279803;3;;
736637492283310;31;;
736637492295046;6;;
736637492295428;1;;
736637492318762;2;;
736637492324942;3;;
736637492337384;36;;
736637492349051;6;;
736637492349433;1;;
736637492372778;2;;
736637492378958;3;;
736637492387928;31;;
736637492399583;6;;
736637492399977;1;;
736637492423310;2;;
736637492429479;3;;
736637492436065;36;;
736637492447813;6;;
736637492448194;1;;
736637492471528;2;;
736637492477708;3;;
736637492487732;31;;
736637492499502;6;;
736637492499884;1;;
736637492523218;2;;
736637492529398;3;;
736637492538461;31;;
736637492550232;6;;
736637492550614;1;;
736637492573947;2;;
736637492580324;3;;
736637492585498;31;;
736637492597107;6;;
736637492597489;1;;
736637492620822;2;;
736637492626991;3;;
736637492630857;36;;
736637492642627;6;;
736637492643391;1;;
736637492666725;2;;
736637492672905;3;;
736637492682326;31;;
736637492693935;6;;
736637492694317;1;;
736637492717651;2;;
736637492723820;3;;
736637492727512;36;;
736637492739259;6;;
736637492739641;1;;
736637492762975;2;;
736637492769144;3;;
736637492776759;31;;
736637492788449;6;;
736637492789213;1;;
736637492812546;2;;
736637492818727;3;;
736637492827130;31;;
736637492838785;6;;
736637492838785;66;;
